00,143,1,3,29,15,9,37,56
08,143,0,18,790,0,2,0,25
01,27307,269,0,0,0
02,28638,87
02,29348,84
02,33134,88
02,34777,95
02,35431,93
02,37074,97
02,39916,102
02,40638,104
02,42159,100
02,43213,93
02,43957,87
02,44568,89
02,47931,93
02,48553,95
02,49896,92
02,55591,86
02,57071,88
01,58716,311,0,0,0
02,65615,84
02,67391,87
02,75073,83
01,78048,191,0,0,0
02,81600,76
02,83054,68
02,85263,63
02,88250,55
02,90192,56
02,95165,61
01,98419,202,0,0,0
02,98521,61
02,99251,66
02,100549,73
02,101326,82
02,105034,81
02,105822,76
02,106721,74
02,107632,68
02,108775,63
02,110030,56
02,113386,48
02,114271,49
02,114681,54
02,115236,62
02,119998,71
01,120065,214,0,0,0
02,121798,80
02,122207,90
02,125327,100
02,127192,110
02,128857,120
02,129334,124
02,129911,131
02,131698,129
02,133286,123
02,136139,115
02,136816,106
02,138648,97
02,139502,87
02,140968,87
01,141701,214,0,0,0
02,143288,90
02,144009,86
02,144975,89
02,145408,96
02,146418,104
02,150947,103
02,152346,108
02,154278,105
02,156742,99
02,157843,91
02,158651,92
02,160539,87
02,162503,90
02,163548,96
02,164291,104
02,167654,108
02,168177,110
02,168642,113
01,169897,279,0,0,0
02,170230,116
02,170718,116
02,174992,121
02,177023,119
02,179188,119
02,186304,114
02,186882,111
02,187647,114
01,189224,191,0,0,0
02,189234,121
02,198481,119
02,199403,123
02,201656,121
02,202123,123
02,202533,129
02,203666,137
02,205131,136
02,205986,132
02,206385,135
02,206797,138
02,207307,138
02,207695,133
02,208173,126
02,208617,128
02,210115,134
02,212036,132
02,215710,133
01,220334,308,0,0,0
02,221338,129
02,222326,122
02,228121,113
02,228543,104
02,229153,104
02,233383,99
02,234881,92
01,239672,191,0,0,0
02,242275,83
02,247137,84
02,248935,79
02,250090,72
02,251266,73
02,254397,72
02,255451,66
01,259837,200,0,0,0
02,263166,66
02,271314,66
02,272151,71
02,272580,79
02,274834,78
02,276177,72
02,277154,67
02,278019,66
02,279297,60
01,279940,199,0,0,0
02,280684,53
02,281561,54
02,282005,60
02,283648,63
02,286034,69
02,288554,77
02,289065,86
02,289487,96
02,289875,106
02,290308,116
02,292573,116
02,295059,111
02,296460,103
02,299555,104
01,300732,206,0,0,0
02,301487,102
02,302119,100
02,302708,101
02,303440,96
02,304385,89
02,308547,90
02,314153,96
02,314508,104
02,316473,112
02,319803,111
02,321224,105
02,325986,107
01,326836,259,0,0,0
02,328118,103
02,332081,96
02,337165,88
02,338397,79
02,340141,79
02,340695,84
02,341351,90
02,343296,88
02,344469,82
02,346124,84
02,348389,90
02,350875,96
01,351258,241,0,0,0
02,351452,94
02,352096,94
02,352717,93
02,353451,96
02,354038,103
02,355559,111
02,363663,110
02,364440,115
02,364928,122
02,365361,122
01,365641,142,0,0,0
02,365950,119
02,369580,113
02,371878,115
02,372267,120
02,372743,126
02,375641,124
02,377950,128
02,378394,128
02,378827,133
02,379237,134
02,379704,133
02,381047,135
01,381736,159,0,0,0
02,383545,131
02,383978,128
02,387108,122
02,393502,114
02,399230,105
02,400085,95
02,400940,85
02,401794,76
02,402895,67
02,405635,67
02,407856,72
01,408766,268,0,0,0
02,409221,79
02,410864,88
02,412684,97
02,415926,97
02,416670,92
02,421909,94
02,424052,100
02,425661,108
02,429914,117
01,430502,215,0,0,0
02,431667,123
02,435319,131
02,437095,130
02,437872,124
02,438638,126
02,439105,132
02,443700,130
02,450205,126
02,452215,119
01,452659,219,0,0,0
02,456355,111
02,458498,102
02,459332,92
02,460108,83
02,460929,84
02,461329,89
02,461817,97
02,462340,106
02,465647,105
02,466468,100
02,469388,92
02,470354,83
02,472851,84
01,474839,219,0,0,0
02,477036,79
02,477947,82
02,478357,88
02,478768,96
02,479234,105
02,479634,115
02,480056,125
02,481699,125
02,482587,120
02,485140,112
02,486372,113
02,486883,119
02,487216,127
02,489048,126
02,489816,120
02,490668,122
02,492367,128
02,492877,133
02,493199,140
02,493643,139
02,494098,137
02,498394,139
02,498961,137
02,499238,141
02,499782,138
02,500115,141
02,500537,141
02,500925,141
02,501426,138
02,503112,131
02,503901,133
01,505211,301,0,0,0
02,505654,129
02,506599,132
02,506975,133
02,507331,139
02,509229,137
02,509928,139
02,510328,138
02,510805,135
02,511227,138
02,511683,135
02,512470,138
02,512926,136
02,513292,139
02,515069,135
02,516378,136
02,516802,132
02,517588,135
02,517988,136
02,518432,141
02,518810,143
02,520963,146
02,522676,144
02,523116,141
02,523582,139
02,523983,138
02,524437,138
02,524870,140
02,525270,137
02,525736,137
02,526136,137
02,526557,141
02,527035,138
02,527479,136
02,527835,137
01,528173,227,0,0,0
02,528334,139
02,528744,140
02,529166,137
02,529599,141
02,531342,143
02,531730,144
02,532163,141
02,532596,141
02,533010,139
02,533407,143
02,533795,140
02,534273,139
02,534672,143
02,535095,140
02,535449,143
02,535960,140
02,536404,141
02,536759,139
02,537225,140
02,537636,137
02,538070,141
02,538480,145
02,538879,142
02,539301,140
02,539726,141
02,540158,138
02,540589,141
02,541034,141
02,541433,138
02,541899,138
02,542299,140
02,542743,141
02,543176,139
02,543586,135
02,544041,136
02,544474,141
02,544896,138
02,545362,135
02,545784,136
02,546228,135
02,546706,135
02,547105,138
02,547538,135
02,547971,135
02,548483,132
02,548892,135
02,549392,132
02,549847,130
02,550280,134
02,550713,133
02,551168,134
02,551579,134
02,552101,131
02,552556,130
02,553022,126
02,553510,124
01,553944,255,0,0,0
02,553999,126
02,554521,123
02,554987,126
02,555409,123
02,555998,121
02,556463,125
02,556852,125
02,557296,127
02,557795,131
02,558251,131
02,558661,127
02,562480,123
02,562913,126
02,563335,133
02,571762,131
02,575790,135
02,583540,132
01,584632,304,0,0,0
02,584786,126
02,586158,118
02,590177,119
02,599413,114
02,600878,107
02,601955,98
02,607894,99
01,607917,230,0,0,0
02,608260,104
02,608704,112
02,614188,111
02,615043,105
02,618850,97
02,625289,88
02,628597,79
01,629591,215,0,0,0
02,630207,79
02,634671,74
02,635946,77
02,640042,83
02,642364,81
02,643528,75
02,647635,77
02,649389,73
01,652598,228,0,0,0
02,653174,76
02,654118,83
02,662056,81
02,664708,75
02,667150,75
02,667939,73
02,668838,77
02,673234,84
02,676309,92
01,677202,243,0,0,0
02,682936,91
02,684901,86
02,686134,88
02,690218,84
02,691206,77
02,692016,73
02,692849,74
02,693493,79
01,696285,189,0,0,0
02,697323,77
02,698166,72
02,700908,75
02,701363,81
02,701752,89
02,702163,98
02,702584,108
02,703040,118
02,705204,128
02,705726,133
02,707447,130
02,709645,132
02,710089,135
02,710588,133
02,711121,129
02,712708,132
02,713152,133
02,713597,135
02,714107,133
02,714485,137
02,714899,134
02,715350,136
02,715806,137
02,716205,137
02,716716,133
01,717477,210,0,0,0
02,719746,136
02,720102,142
02,721079,140
02,721456,143
02,721900,139
02,722355,142
02,722766,139
02,723210,142
02,723598,142
02,724020,140
02,724498,136
02,724942,135
02,726696,136
02,727162,132
02,728905,133
02,729371,134
02,729794,133
02,730248,137
02,730670,136
02,731125,135
02,731558,135
02,732047,132
02,732479,135
02,733023,132
02,737687,125
02,738551,127
02,740339,123
02,741295,116
01,742198,245,0,0,0
02,742271,114
02,745512,108
02,746533,100
02,747554,91
02,749863,82
02,750873,72
02,751872,72
02,754059,77
02,754548,85
02,756746,84
02,758489,88
02,758955,95
02,759554,104
02,759843,113
02,760276,123
02,760709,127
01,762435,200,0,0,0
02,762452,131
02,764305,133
02,769623,134
02,771688,129
02,772509,122
02,775562,123
02,775995,129
02,777760,127
02,778592,121
02,781168,113
02,782067,114
02,784587,109
01,787651,250,0,0,0
02,788072,102
02,788883,93
02,789849,84
02,791450,84
02,791881,89
02,792335,97
02,792768,106
02,793212,115
02,793656,123
02,794089,126
02,795965,122
02,796787,125
02,797220,132
02,797675,135
02,799495,131
02,800228,124
02,806866,126
02,807278,132
02,807666,139
02,808187,138
02,808676,143
02,808942,140
01,810197,223,0,0,0
02,811796,143
02,812161,148
02,812605,147
02,812994,146
02,813394,144
02,813771,147
02,814251,143
02,814748,139
02,816280,142
02,819188,138
02,819999,140
02,820389,146
02,820768,150
02,821186,147
02,821588,150
02,824106,147
02,824894,140
02,826914,142
02,829504,138
01,830467,201,0,0,0
02,833431,140
02,833830,146
02,834208,146
02,834619,146
02,835040,148
02,836694,144
02,838693,147
02,839048,153
02,839425,156
02,839814,152
02,840181,153
02,840613,149
02,841124,145
02,841490,148
02,841824,147
02,842323,148
02,846852,144
02,848284,145
02,848728,143
02,851527,137
01,852430,217,0,0,0
02,853956,129
02,854812,130
02,855188,136
02,855588,143
02,855977,144
02,856398,147
02,859196,143
02,860862,136
02,861649,138
02,862049,142
02,862559,144
02,865368,140
02,866156,137
02,866667,139
02,869020,140
02,870230,146
02,870619,146
02,871097,141
02,871540,139
01,873783,212,0,0,0
02,875170,143
02,875592,142
02,876136,144
02,884883,141
02,887004,144
01,894203,202,0,0,0
02,895485,141
02,897205,134
02,902834,126
02,904998,117
02,910050,117
02,910460,122
02,914212,130
02,914578,139
02,914978,142
01,915450,210,0,0,0
02,916621,144
02,917154,143
02,917453,142
02,917920,146
02,918286,146
02,918763,141
02,919540,143
02,919962,144
02,920351,141
02,920784,143
02,921217,139
02,921627,142
02,922482,144
02,922948,143
02,923304,147
02,923692,154
02,925135,153
02,925402,153
02,925790,151
02,926179,148
02,926612,149
02,926990,151
02,930308,148
02,930741,145
02,931141,143
02,931585,142
02,931985,144
02,933605,140
02,934438,143
02,934937,148
02,936847,146
01,937158,215,0,0,0
02,937613,148
02,938012,149
02,938434,145
02,939211,145
02,939689,140
02,941187,143
02,941587,149
02,941964,151
02,942353,155
02,943152,154
02,944739,152
02,945195,147
02,945594,149
02,945961,149
02,946382,147
02,946760,148
02,947193,147
02,947592,148
02,949202,145
02,949624,148
02,949980,153
02,950379,151
02,950767,150
02,951200,148
02,951578,149
02,953165,154
02,953676,151
02,954342,155
02,954719,152
02,955241,153
02,958471,151
02,958738,152
02,959115,151
02,959559,152
02,959892,155
01,960997,236,0,0,0
02,961092,157
02,961513,158
02,963056,153
02,963456,153
02,963833,153
02,964255,149
02,964688,147
02,966253,141
02,967063,141
02,967829,145
02,968207,149
02,968606,147
02,969028,144
02,970994,148
02,971382,147
02,971782,151
02,972159,152
02,972580,148
02,973003,147
02,973402,148
02,973813,151
02,975411,147
02,975744,150
02,976155,152
02,976532,153
02,976899,158
02,977276,156
02,977676,153
02,978053,156
02,979686,153
02,980051,153
02,980462,153
02,980840,156
02,981239,152
01,981397,202,0,0,0
02,981639,153
02,981995,158
02,983937,161
02,984303,157
02,984703,155
02,985113,149
02,985913,151
02,986301,150
02,986724,145
02,987156,145
02,987556,143
02,987977,147
02,988347,144
02,988788,145
02,989165,147
02,989588,144
02,990020,148
02,990386,149
02,990764,151
02,991163,147
02,991607,144
02,991996,148
02,992385,149
02,992762,154
02,993184,151
02,993572,148
02,993972,151
02,994361,155
02,994771,152
02,995138,153
02,996681,153
02,997070,149
02,997458,152
02,997868,153
02,998246,153
02,998634,158
02,999001,156
02,999400,151
02,1000700,143
02,1001398,144
02,1001776,150
02,1002164,148
02,1002597,147
02,1002975,151
02,1004529,150
02,1004917,150
02,1005328,155
02,1005686,152
02,1006094,147
02,1006494,149
02,1006938,145
02,1007693,148
02,1008114,145
01,1008353,267,0,0,0
02,1008514,148
02,1008936,145
02,1009347,148
02,1009713,149
02,1010103,149
02,1010512,151
02,1010901,150
02,1011300,148
02,1011722,151
02,1012166,147
02,1012533,146
02,1012921,148
02,1013332,153
02,1013698,156
02,1014076,155
02,1014464,150
02,1014886,152
02,1015263,151
02,1016851,152
02,1017262,149
02,1017706,151
02,1018028,155
02,1018427,152
02,1018827,153
02,1019216,153
02,1019615,149
02,1020015,149
02,1020481,149
02,1020836,149
02,1021236,151
02,1021624,150
02,1022035,146
02,1022490,140
02,1022879,142
02,1024422,138
02,1025254,140
02,1025665,145
02,1026065,149
02,1026443,149
02,1026842,147
02,1027252,144
02,1027653,148
02,1028063,145
02,1028462,147
02,1028895,144
02,1029230,147
01,1031072,225,0,0,0
02,1032969,144
02,1033347,145
02,1033780,147
02,1034157,148
02,1034590,145
02,1035001,148
02,1035378,147
02,1035789,148
02,1036200,145
02,1036633,147
02,1037121,143
02,1038320,144
02,1038775,143
02,1039075,147
02,1039508,144
02,1039919,145
02,1040344,147
02,1040740,148
02,1041173,147
02,1041573,141
02,1041994,141
02,1042438,143
02,1042794,148
02,1043271,147
02,1043637,142
02,1044115,140
02,1051319,134
02,1051797,133
02,1052186,137
02,1052673,136
02,1053063,140
02,1053462,139
02,1053907,138
01,1053967,227,0,0,0
02,1054383,133
02,1054805,136
02,1055238,139
02,1055615,138
02,1056081,140
02,1056525,137
02,1056936,136
02,1057380,140
02,1057802,139
02,1058257,140
02,1058668,136
02,1059092,135
02,1059567,135
02,1064241,130
02,1065129,132
02,1065584,130
02,1065996,131
02,1066483,128
02,1066905,131
01,1068120,140,0,0,0
02,1068514,138
02,1069225,138
02,1069658,135
02,1070113,135
02,1070557,133
02,1071034,128
02,1071501,130
02,1071945,129
02,1072489,127
02,1072944,125
02,1073411,124
02,1075453,126
02,1075885,126
02,1076352,126
02,1076796,129
02,1078761,126
02,1079182,126
02,1079737,121
02,1080170,124
02,1080659,126
02,1081092,123
02,1081591,126
02,1082003,127
02,1082491,128
02,1082991,128
02,1083435,125
02,1083911,125
02,1084400,128
02,1084844,125
02,1085399,122
02,1085932,125
02,1086376,122
02,1086864,122
02,1087342,127
02,1087786,126
02,1088275,126
02,1088729,126
02,1089240,126
02,1089695,126
02,1090195,127
02,1090650,125
02,1091183,121
02,1091649,124
02,1092148,123
02,1092637,120
02,1093170,118
02,1093726,113
02,1094202,114
02,1094757,115
02,1095245,117
02,1095734,120
02,1096222,121
02,1096700,119
02,1097199,122
02,1097710,121
02,1098165,120
02,1098679,123
02,1099166,121
02,1099652,123
02,1100152,120
02,1100740,121
02,1101173,120
02,1103194,125
02,1103538,130
02,1104037,128
02,1104470,127
02,1104970,125
02,1105425,124
02,1105924,128
02,1106502,125
02,1106890,128
02,1107323,131
02,1107789,128
02,1108258,127
02,1108744,129
02,1109233,125
02,1109821,122
02,1110243,122
02,1110742,121
02,1111242,120
02,1111689,125
02,1112185,122
02,1112652,119
02,1113140,122
02,1113617,124
02,1114106,123
02,1114594,121
02,1115105,122
02,1115604,122
02,1116060,125
02,1116559,124
02,1118646,119
02,1121033,119
02,1121521,122
02,1122032,119
02,1122499,122
02,1122998,121
02,1123531,118
02,1124056,117
02,1124596,117
02,1125151,115
02,1125651,112
02,1126139,116
02,1126661,116
02,1127138,118
02,1127616,123
02,1128093,123
02,1128593,124
02,1129093,120
02,1129592,117
02,1130136,117
02,1130680,112
02,1131246,111
02,1131778,107
02,1132322,108
02,1132911,109
02,1133433,109
02,1134076,106
02,1136685,100
02,1137695,92
02,1139172,83
02,1140215,83
02,1140737,88
02,1141259,96
02,1141825,102
02,1142480,100
02,1145055,94
02,1146132,96
02,1146643,102
02,1147220,105
02,1147719,109
02,1148274,109
02,1148818,108
02,1149362,108
02,1151671,107
02,1152249,111
02,1152715,113
02,1153204,119
02,1155458,117
02,1156047,111
02,1157954,113
02,1158421,116
02,1158953,119
02,1159420,117
02,1159997,112
02,1160663,105
02,1161362,97
02,1162239,92
02,1162828,90
02,1163383,90
02,1163993,93
02,1164615,94
02,1165337,93
02,1165847,98
02,1166380,105
02,1166891,107
02,1167479,105
02,1168045,109
02,1168580,108
02,1169122,109
02,1169666,109
02,1170210,112
02,1170732,112
02,1171253,112
02,1171797,112
02,1172297,110
02,1172852,110
02,1173440,111
02,1173962,110
02,1174484,112
02,1175028,109
02,1175628,112
02,1176115,113
02,1176659,109
02,1177214,107
02,1177836,103
02,1178381,105
02,1178902,109
02,1179512,106
02,1180012,109
02,1180567,108
02,1181133,111
02,1181666,110
02,1182221,107
02,1182776,110
02,1183309,107
02,1183897,107
02,1184419,107
02,1184996,108
02,1185541,110
02,1186051,109
02,1186661,113
02,1187128,114
02,1187683,109
02,1188271,112
02,1188793,108
02,1189348,110
02,1189992,106
02,1190547,105
02,1191079,106
02,1191823,102
02,1192345,105
02,1192967,102
02,1193511,104
02,1194010,105
02,1194532,110
02,1195054,109
02,1195598,113
02,1196119,110
02,1196796,109
02,1197240,112
02,1197796,108
02,1198328,108
02,1198883,108
02,1199416,112
02,1199982,109
02,1200571,107
02,1201148,107
02,1201725,108
02,1202269,105
02,1202880,103
02,1203446,102
02,1204045,105
02,1204580,105
02,1205344,103
02,1205689,105
02,1206388,102
02,1206843,106
02,1207365,107
02,1207997,102
02,1208530,105
02,1209085,104
02,1209707,105
02,1210240,102
02,1210850,106
02,1211361,106
02,1211927,107
02,1212449,112
02,1212993,110
02,1213637,109
02,1214125,107
02,1216345,106
02,1216889,107
02,1217444,110
02,1217933,112
02,1218532,108
02,1219154,109
02,1219620,109
02,1220187,111
02,1220774,109
02,1221296,111
02,1221796,112
02,1222319,110
02,1222872,109
02,1223383,112
02,1223938,110
02,1224493,109
02,1225115,109
02,1225559,111
02,1226117,113
02,1226669,110
02,1227235,108
02,1227757,109
02,1228401,108
02,1228900,107
02,1229478,107
02,1230033,103
02,1230643,106
02,1231143,109
02,1231698,107
02,1232253,108
02,1232797,107
02,1233574,110
02,1233885,111
02,1234495,107
02,1235017,107
02,1235672,104
02,1236160,105
02,1236782,110
02,1237270,108
02,1237803,108
02,1238347,110
02,1238892,112
02,1239435,111
02,1240034,113
02,1240512,110
02,1241034,110
02,1241577,111
02,1242144,113
02,1242621,111
01,1243099,1734,0,0,0
02,1243176,109
02,1243766,108
02,1244342,104
02,1244963,103
02,1245531,102
02,1246162,100
02,1246739,101
02,1247350,96
02,1251990,99
02,1252490,105
02,1253011,111
02,1253500,109
02,1254144,103
02,1259783,95
02,1260527,86
02,1261348,81
02,1263879,84
02,1265866,80
02,1266788,83
02,1267309,90
02,1269163,88
02,1270073,82
02,1271061,84
02,1271683,90
02,1272006,98
02,1273959,106
02,1274481,113
02,1274913,121
02,1275435,120
02,1275890,124
02,1276335,128
02,1276801,125
02,1277356,127
02,1277789,129
01,1277911,345,0,0,0
02,1278199,130
02,1278699,126
02,1281918,119
02,1282817,110
02,1283983,111
02,1285626,116
02,1286070,124
02,1287924,123
02,1290211,127
02,1290677,131
02,1292975,128
02,1295295,130
02,1295750,128
02,1296216,131
02,1296616,131
02,1297137,131
01,1297216,191,0,0,0
02,1297659,131
02,1298014,136
02,1302355,134
02,1302843,134
02,1303276,139
02,1303665,138
02,1304220,136
02,1304531,139
02,1304975,135
02,1306751,133
02,1307173,134
02,1308916,134
02,1309337,134
02,1309793,136
02,1310214,137
02,1310669,133
02,1312446,126
02,1315543,127
02,1316053,128
02,1316386,133
02,1318151,131
01,1318441,210,0,0,0
02,1318985,125
02,1319883,117
02,1322003,108
02,1322914,108
02,1324179,113
02,1324604,121
02,1325069,122
02,1325911,127
02,1326433,128
02,1328053,130
02,1328475,136
02,1328930,134
02,1329430,134
02,1329796,136
02,1331529,132
02,1333682,135
02,1334070,140
02,1337167,143
01,1338644,200,0,0,0
02,1338821,139
02,1339643,142
02,1341341,139
02,1342185,137
02,1342607,139
02,1343017,142
02,1343561,142
02,1343872,142
02,1344461,137
02,1346004,139
02,1346437,135
02,1348091,138
02,1348524,140
02,1348945,143
02,1349334,142
02,1349811,137
02,1351510,129
02,1352265,120
02,1353075,111
02,1353974,111
02,1354418,116
02,1354873,124
02,1357371,123
02,1358226,127
02,1358625,134
02,1359092,134
02,1359491,134
01,1360958,221,0,0,0
02,1362056,136
02,1362466,142
02,1362866,140
02,1363421,141
02,1364999,136
02,1366696,137
02,1367129,139
02,1367562,137
02,1367972,141
02,1368398,143
02,1368794,146
02,1369228,143
02,1369637,142
02,1370070,142
02,1370514,142
02,1370925,142
02,1371536,137
02,1373079,129
02,1373867,130
02,1374378,129
02,1379895,132
02,1380361,132
02,1381149,137
02,1381604,136
02,1382015,139
02,1382459,138
02,1382870,136
01,1383309,221,0,0,0
02,1383325,139
02,1383724,138
02,1384169,142
02,1384579,146
02,1384990,143
02,1385434,140
02,1385867,143
02,1386289,140
02,1386700,143
02,1387132,140
02,1387554,144
02,1387943,141
02,1388402,141
02,1388798,141
02,1389253,141
02,1389652,139
02,1390074,143
02,1390485,140
02,1390918,143
02,1391330,144
02,1391750,141
02,1392151,143
02,1393871,139
02,1394714,140
02,1395147,139
02,1395559,138
02,1396024,138
02,1396435,142
02,1398145,139
02,1398955,132
02,1399787,134
02,1400198,138
02,1401919,138
02,1402364,136
02,1402774,137
02,1403273,137
02,1403695,134
02,1404128,133
02,1404594,137
02,1405038,134
02,1405471,133
02,1405948,132
02,1406396,132
02,1406827,133
02,1407292,131
02,1407747,131
02,1408214,133
02,1408713,129
02,1409146,132
02,1410966,128
02,1412010,121
02,1412853,123
02,1413286,129
02,1413777,130
02,1415252,129
02,1418370,129
02,1418848,126
02,1419347,124
02,1419913,122
02,1420380,124
02,1420846,123
02,1421323,120
02,1423221,123
02,1423677,126
02,1424143,126
02,1424631,126
02,1425142,130
02,1425575,127
02,1426097,123
02,1429538,124
02,1430026,123
02,1430482,126
02,1430948,123
02,1431414,126
02,1431891,127
02,1432369,129
02,1432935,126
02,1433368,121
02,1433857,119
02,1434367,121
02,1434889,117
02,1435434,118
02,1435976,115
02,1436443,117
02,1436942,116
02,1437442,118
02,1437919,120
02,1438474,120
02,1438929,120
02,1439451,123
02,1439897,121
02,1440395,123
02,1440883,124
02,1441360,122
02,1441816,125
02,1442538,122
02,1444091,115
02,1444835,107
02,1445834,108
02,1446334,113
02,1446822,116
02,1447310,121
02,1447810,118
02,1448321,119
02,1448820,121
02,1449320,118
02,1449875,117
02,1450396,113
02,1450952,114
02,1451473,112
02,1451963,112
01,1453117,691,0,0,0
02,1455991,117
02,1456446,123
02,1456946,124
02,1457423,123
02,1457901,123
02,1458435,118
02,1458989,116
02,1459510,113
02,1460043,115
02,1460698,114
02,1461220,109
02,1461686,106
02,1462230,108
02,1462985,104
02,1464950,107
02,1465438,111
02,1465938,113
02,1466471,113
02,1466960,118
02,1469435,115
02,1470423,119
02,1471055,119
02,1471444,117
02,1471943,115
02,1472509,111
02,1473053,114
02,1473608,115
02,1474108,111
02,1474652,114
02,1475207,110
02,1475763,108
02,1476328,112
02,1476839,109
02,1477394,111
02,1477949,109
02,1478516,112
02,1478992,111
02,1479559,112
02,1480091,111
02,1480613,115
02,1481135,114
02,1481679,117
02,1482189,113
02,1482689,111
02,1483266,114
02,1483744,111
02,1484254,114
02,1484776,115
02,1485276,119
02,1485764,116
02,1486264,119
02,1486819,118
02,1487307,114
02,1487873,114
02,1488373,114
02,1488917,112
02,1489461,113
02,1489993,113
02,1490493,109
02,1491070,112
02,1491614,109
02,1492136,111
02,1492658,113
02,1493179,116
02,1493701,113
02,1494212,116
02,1494733,116
02,1495244,116
02,1495755,119
02,1496277,116
02,1497864,113
02,1498375,114
02,1498907,117
02,1499396,117
02,1499907,118
01,1499929,464,0,0,0
02,1500395,119
02,1500883,118
02,1501461,122
02,1501849,119
02,1502371,121
02,1502837,122
02,1503337,124
02,1503836,123
02,1504336,126
02,1504769,123
02,1505268,121
02,1505768,123
02,1506245,126
02,1506756,127
02,1507211,123
02,1507710,126
02,1508180,127
02,1508654,123
02,1509176,123
02,1509664,120
02,1510175,117
02,1510708,115
02,1511285,115
02,1511796,117
02,1512295,113
02,1512784,116
02,1513305,115
02,1513805,120
02,1514304,120
02,1514782,118
02,1515303,122
02,1515803,119
02,1516336,122
02,1516824,119
02,1517324,121
02,1517857,118
02,1518378,114
02,1518922,114
02,1519444,115
02,1519988,115
02,1520532,111
02,1521009,114
02,1521520,114
02,1522119,112
02,1522674,106
02,1523252,107
02,1525039,112
02,1525561,113
02,1526105,114
02,1526629,117
02,1527137,116
02,1527693,113
02,1528292,114
02,1528736,114
02,1529246,114
02,1529779,112
02,1530301,116
02,1530834,115
02,1531344,117
02,1531877,115
02,1532367,112
02,1532932,116
02,1533399,114
02,1533920,114
02,1534441,115
02,1534919,117
02,1535464,115
02,1536040,110
02,1536617,105
02,1537283,102
02,1537949,96
02,1538583,96
02,1539170,99
02,1539692,104
02,1540225,105
02,1540802,107
02,1541336,104
02,1541879,108
02,1542456,107
02,1543000,108
02,1543544,109
02,1544110,109
02,1544699,111
02,1545165,112
02,1545698,111
02,1546186,113
02,1548306,114
02,1548861,117
02,1549383,113
02,1549917,110
02,1550460,108
02,1551071,109
02,1551614,107
02,1552158,105
02,1552747,105
02,1553357,104
02,1553846,106
02,1554456,107
02,1554990,107
02,1555533,107
02,1556099,107
02,1556654,106
02,1557209,107
02,1557787,108
02,1558342,108
02,1558897,105
02,1559463,105
02,1560007,107
02,1560573,106
02,1561139,109
02,1561683,106
02,1562239,107
02,1562786,107
02,1563404,110
02,1563892,107
02,1564425,110
02,1564980,111
02,1565480,110
02,1566001,111
02,1566567,109
02,1567100,111
02,1567655,107
02,1568255,108
02,1568776,108
02,1569309,108
02,1569887,109
02,1572030,104
02,1573106,97
02,1576580,98
02,1577080,104
02,1577568,109
02,1578135,112
02,1578590,117
02,1579134,115
02,1579655,114
02,1580133,117
02,1582242,116
02,1582753,112
02,1583308,115
02,1583807,112
02,1584340,116
02,1584862,114
02,1585372,112
02,1585872,114
02,1586460,111
02,1587204,114
02,1587548,113
02,1588059,114
02,1588703,114
02,1589082,113
02,1589602,114
02,1590135,112
02,1590669,110
02,1591245,114
02,1591766,111
02,1592299,107
02,1592843,108
02,1593432,108
02,1593998,107
02,1594508,111
02,1595108,115
02,1595541,112
02,1596085,112
02,1596606,112
02,1597161,113
02,1597705,109
02,1598294,111
02,1598915,108
02,1599393,105
02,1599959,107
02,1600614,108
02,1601058,107
02,1601581,110
02,1602146,106
02,1605942,109
02,1606453,114
02,1607008,112
02,1607596,108
02,1608174,107
02,1609062,103
02,1609461,98
02,1610138,100
02,1610638,106
02,1611115,104
02,1611726,105
02,1612270,106
02,1612836,104
02,1613402,106
02,1614002,102
02,1615023,105
02,1615833,105
02,1616290,107
02,1616644,107
02,1619774,102
02,1621006,95
02,1622238,86
02,1623371,87
02,1623948,92
02,1624492,100
02,1625047,107
02,1625503,113
02,1626013,113
02,1626523,114
02,1627001,117
02,1629632,113
02,1630653,106
02,1631608,108
02,1632129,114
02,1632518,122
02,1633006,122
02,1633561,117
02,1635759,110
02,1636536,105
02,1636958,104
02,1639478,103
02,1640078,104
02,1640644,103
02,1641154,99
01,1642323,1411,0,0,0
02,1643375,92
02,1644452,94
02,1645006,100
02,1645573,107
02,1646083,106
02,1646616,108
02,1647204,108
02,1647793,108
02,1648326,104
02,1648892,107
02,1649458,106
02,1650068,104
02,1650590,107
02,1651183,103
02,1651767,105
02,1652300,105
02,1652988,105
02,1653410,106
02,1653987,109
02,1654553,106
02,1655067,109
02,1655641,106
02,1656207,106
02,1656773,105
02,1657296,109
02,1657883,107
02,1658405,106
02,1658993,105
02,1659571,109
02,1660104,108
02,1660670,107
02,1661236,103
02,1661846,101
02,1662413,103
02,1662990,101
02,1663571,105
02,1664144,107
02,1664677,107
02,1665210,110
02,1665743,111
02,1666309,110
02,1666820,109
02,1667352,109
02,1667885,109
02,1668440,111
02,1669018,110
02,1669587,105
02,1670194,105
02,1670772,103
02,1671404,100
02,1672048,97
02,1672626,98
02,1673203,96
02,1673835,100
02,1674390,99
02,1674968,103
02,1675556,101
02,1676178,100
02,1676744,101
02,1678942,96
02,1680063,89
02,1681118,90
02,1681684,96
02,1682273,101
02,1682849,101
02,1683393,106
02,1683937,108
02,1684503,109
02,1685050,107
02,1685602,107
02,1686191,103
02,1686849,106
02,1687312,105
02,1687878,105
02,1688633,105
02,1688988,109
02,1689543,111
02,1690098,107
02,1690675,105
02,1691231,107
02,1691863,103
02,1692407,106
02,1693029,103
02,1693528,104
02,1694140,102
02,1694772,102
02,1695327,102
02,1695915,101
02,1696503,101
02,1697081,101
02,1697691,101
02,1698268,103
02,1698801,103
02,1699356,108
02,1701765,107
02,1702165,111
02,1702698,108
02,1703275,110
02,1703830,108
02,1704463,104
02,1705041,101
02,1705596,102
02,1706228,106
02,1706716,106
02,1707249,109
02,1707826,109
02,1708370,104
02,1708925,104
02,1709580,105
02,1710180,100
02,1710857,101
02,1711504,96
02,1712393,91
02,1714543,94
02,1715142,96
02,1715763,99
02,1716897,97
02,1718694,101
02,1719260,102
02,1719838,104
02,1720393,103
02,1720992,107
02,1721504,106
02,1722102,104
02,1722657,106
02,1723157,112
02,1723749,110
02,1724367,105
02,1724955,100
02,1725677,96
02,1726309,94
02,1727575,89
02,1729286,81
02,1730394,82
02,1730938,88
02,1731471,96
02,1732015,99
02,1732616,105
02,1733847,103
02,1736067,97
02,1736623,89
02,1738787,90
02,1739320,96
02,1739886,104
02,1740430,103
02,1742039,97
02,1744781,99
02,1745381,105
02,1745769,110
01,1745964,1027,0,0,0
02,1746303,115
02,1746757,114
02,1747812,118
02,1751353,122
02,1753162,122
02,1753674,125
02,1754161,125
02,1754628,124
02,1755172,118
02,1755627,120
02,1756160,121
02,1758026,118
02,1758548,120
02,1760356,124
02,1760844,121
01,1765263,191,0,0,0
02,1769037,125
02,1770802,122
02,1771668,125
02,1772756,122
02,1774820,125
02,1775298,122
02,1779094,124
02,1779605,125
02,1781450,122
02,1781936,125
02,1782391,127
02,1782846,126
01,1790778,253,0,0,0
02,1791116,127
02,1791542,131
02,1791982,136
02,1797511,134
02,1798709,138
02,1799110,138
02,1804593,133
02,1808467,125
02,1809234,116
02,1810077,117
02,1811453,115
01,1812920,219,0,0,0
02,1812996,109
02,1814994,111
02,1818269,107
02,1819136,110
02,1819479,116
02,1822354,114
02,1823131,118
02,1823564,125
02,1825107,133
02,1825618,132
02,1829570,137
02,1829970,143
02,1830347,148
02,1830769,146
02,1832345,140
01,1832895,198,0,0,0
02,1833167,137
02,1834821,131
02,1837907,133
02,1838340,139
02,1839971,137
02,1841936,131
02,1844778,133
02,1848020,129
02,1849618,132
02,1852419,128
01,1852527,194,0,0,0
02,1855657,121
02,1856390,123
02,1856789,129
02,1857178,135
02,1857589,140
02,1857999,143
02,1859997,144
02,1860430,141
02,1863197,144
02,1863594,143
02,1864049,139
02,1864471,138
02,1866025,143
02,1868035,150
02,1870912,152
02,1871299,148
02,1871776,145
02,1872120,147
01,1872753,200,0,0,0
02,1873729,143
02,1875795,146
02,1876116,148
02,1876505,151
02,1876915,152
02,1877315,149
02,1877703,147
02,1878136,144
02,1879790,143
02,1880146,146
02,1881722,152
02,1882088,151
02,1882543,150
02,1882899,148
02,1883343,147
02,1883742,141
02,1884143,143
02,1885763,139
02,1887783,132
02,1892301,134
01,1893905,209,0,0,0
02,1894611,130
02,1896231,123
02,1897030,124
02,1897430,130
02,1897774,138
02,1898218,138
02,1898606,142
02,1900216,139
02,1902281,132
02,1903009,134
02,1903446,140
02,1903824,145
02,1904201,147
02,1904612,144
02,1905089,138
02,1907099,138
02,1909097,138
02,1911128,143
02,1911551,140
02,1911961,144
02,1912383,143
02,1914092,142
02,1914536,147
02,1914903,144
02,1915313,145
02,1915713,143
01,1916124,220,0,0,0
02,1916157,142
02,1916545,147
02,1918145,148
02,1919887,144
02,1920764,139
02,1922451,132
02,1923295,132
02,1923728,137
02,1924151,139
02,1924583,137
02,1924971,141
02,1927102,138
02,1927902,140
02,1929600,136
02,1930388,139
02,1930822,140
02,1931210,141
02,1931665,143
02,1932031,142
02,1932509,137
02,1932954,139
02,1933374,135
02,1934985,128
02,1935883,130
02,1937573,136
02,1938004,139
02,1938603,140
02,1941056,136
01,1941628,252,0,0,0
02,1941900,139
02,1942322,142
02,1942755,139
02,1943165,140
02,1944819,137
02,1946573,131
02,1947428,133
02,1947928,129
02,1949115,132
02,1949571,130
02,1949992,134
02,1950470,131
02,1952135,135
02,1953867,132
02,1954688,135
02,1955099,138
02,1955499,140
02,1955909,145
02,1956332,142
02,1956764,144
02,1957219,140
02,1957630,137
02,1959672,139
02,1960119,138
02,1960527,138
02,1960960,140
02,1961372,139
02,1964435,142
02,1964834,139
02,1966311,132
02,1967099,124
02,1967898,125
02,1968298,130
02,1968775,131
02,1969164,136
01,1969625,277,0,0,0
02,1970852,135
02,1971373,130
02,1973071,132
02,1973482,133
02,1973915,134
02,1974359,134
02,1974825,133
02,1975314,129
02,1975758,130
02,1977556,126
02,1978366,129
02,1978788,135
02,1979232,140
02,1979610,138
02,1980054,136
02,1980531,135
02,1980976,133
02,1981441,131
02,1983084,133
02,1983539,134
02,1983985,134
02,1985726,138
02,1986137,135
02,1986625,133
02,1987069,134
02,1987491,133
02,1987969,135
02,1988413,131
02,1988912,130
02,1989323,132
02,1991077,135
02,1993375,132
02,1993786,132
02,1994208,133
01,1997094,272,0,0,0
02,1997274,132
02,1999092,127
02,1999980,126
02,2000424,127
02,2000879,132
02,2001334,130
02,2001800,125
02,2003643,117
02,2004465,118
02,2005075,119
02,2006719,124
02,2007140,128
02,2007606,128
02,2008083,131
02,2008539,128
02,2009005,128
02,2009449,130
02,2011282,126
02,2014811,129
02,2016621,125
02,2018874,118
02,2021149,120
02,2021582,124
02,2022004,131
02,2022459,133
01,2023209,258,0,0,0
02,2024246,129
02,2025012,132
02,2027233,137
02,2027610,139
02,2028145,135
02,2029786,136
02,2030208,137
02,2030629,139
02,2031040,140
02,2035292,141
02,2035692,139
02,2036135,142
02,2038722,140
02,2039077,144
02,2039521,145
02,2039876,147
02,2040277,144
02,2043629,138
02,2045727,135
02,2047714,138
02,2048158,138
01,2049024,255,0,0,0
02,2049368,140
02,2049767,141
02,2050222,138
02,2053476,131
02,2054319,133
02,2054686,139
02,2055107,146
02,2055473,145
02,2055906,143
02,2056306,144
02,2056816,140
02,2058770,139
02,2059980,140
02,2060391,146
02,2060736,152
02,2061146,150
02,2063621,148
02,2063976,152
02,2064432,149
02,2064853,151
02,2065275,147
01,2065399,162,0,0,0
02,2065586,150
02,2066010,147
02,2067629,140
02,2068361,132
02,2069173,133
02,2069582,138
02,2070004,138
02,2070437,142
02,2072014,139
02,2073981,142
02,2074345,149
02,2075122,149
02,2075510,154
02,2075943,151
02,2076343,145
02,2079507,137
02,2080284,138
02,2080672,143
02,2083492,144
02,2086312,140
01,2087250,216,0,0,0
02,2088654,143
02,2093838,146
02,2094249,144
02,2094637,148
02,2095059,149
02,2095436,149
02,2095858,145
02,2097468,138
02,2098257,140
02,2099799,146
02,2100276,144
02,2104606,148
02,2104974,151
02,2105394,148
02,2105760,149
01,2106938,195,0,0,0
02,2110423,144
02,2111155,147
02,2111544,148
02,2111910,154
02,2112332,152
02,2112754,151
02,2113142,152
02,2114664,148
02,2115030,151
02,2116550,152
02,2116950,153
02,2117327,153
02,2117716,153
02,2118116,151
02,2118515,150
02,2118915,150
02,2120425,145
02,2123411,137
02,2124332,128
02,2125131,129
02,2125464,134
02,2125908,138
02,2126275,145
01,2128867,217,0,0,0
02,2128972,143
02,2129783,139
02,2131292,142
02,2131704,146
02,2132114,150
02,2132470,154
02,2132869,154
02,2133246,154
02,2133635,149
02,2134056,151
02,2134434,155
02,2136354,152
02,2139130,149
02,2139485,151
02,2141030,150
02,2141420,148
02,2141883,142
02,2143392,144
02,2143759,147
02,2144158,150
02,2145746,147
02,2146556,146
02,2148121,141
02,2150164,143
02,2150652,142
01,2150842,217,0,0,0
02,2150974,147
02,2151374,148
02,2151796,151
02,2152206,148
02,2152562,151
02,2152961,150
02,2153383,148
02,2153794,149
02,2154193,144
02,2154626,147
02,2155027,148
02,2155404,147
02,2155848,150
02,2156192,152
02,2156580,149
02,2157002,147
02,2157413,146
02,2157823,146
02,2158256,144
02,2158700,145
02,2159045,150
02,2159899,150
02,2160266,152
02,2160665,149
02,2161109,143
02,2161898,144
02,2162297,147
02,2162708,144
02,2163119,145
02,2163563,143
02,2163962,142
02,2164351,147
02,2164739,148
02,2165172,147
02,2165561,148
02,2165972,147
02,2166382,146
02,2166782,148
02,2167193,149
02,2167581,147
02,2168014,146
02,2168403,148
02,2168817,147
02,2169213,146
02,2169646,144
02,2171244,145
02,2171666,147
02,2172066,148
02,2172454,145
02,2172877,145
02,2173320,147
02,2173698,148
02,2174086,151
02,2174520,148
02,2174886,147
02,2175319,144
02,2175718,145
02,2176142,150
02,2176517,150
02,2176895,150
02,2177294,150
02,2177739,145
02,2178194,140
01,2178483,273,0,0,0
02,2178627,142
02,2179048,140
02,2179437,144
02,2179859,145
02,2180270,149
02,2180614,151
02,2181024,150
02,2181435,145
02,2181869,145
02,2182279,145
02,2182723,141
02,2183134,143
02,2183523,142
02,2183966,142
02,2184355,147
02,2184832,144
02,2185143,148
02,2185554,147
02,2185975,148
02,2186375,147
02,2186797,142
02,2187219,145
02,2187629,143
02,2188040,142
02,2188474,146
02,2188862,144
02,2189295,145
02,2189708,140
02,2190149,143
02,2190549,146
02,2190960,144
02,2191359,143
02,2191792,144
02,2192215,143
02,2192636,142
02,2193080,142
02,2193446,147
02,2193857,144
02,2194279,143
02,2194701,146
02,2195113,143
02,2195522,144
02,2195944,149
02,2196333,147
02,2196743,144
02,2197166,145
02,2197576,147
02,2197964,146
02,2198408,141
02,2198819,143
02,2199208,144
02,2199629,147
02,2200029,144
02,2200451,145
02,2200873,143
02,2201284,142
02,2201716,146
02,2202105,148
02,2202527,147
02,2202926,146
02,2203327,148
02,2203715,144
02,2204181,143
02,2204592,142
02,2204980,147
02,2205414,146
02,2205802,148
02,2206179,151
02,2206601,147
02,2207034,144
02,2207422,145
02,2207911,140
02,2209509,143
02,2209909,144
02,2210365,140
02,2210775,137
01,2211913,331,0,0,0
02,2212407,131
02,2213250,133
02,2213672,139
02,2214094,137
02,2214938,141
02,2215293,145
02,2215726,143
02,2216137,142
02,2216603,140
02,2218257,141
02,2218679,141
02,2219100,138
02,2219533,138
02,2220022,135
02,2220399,138
02,2220832,138
02,2221298,135
02,2221699,138
02,2223363,136
02,2223796,140
02,2224362,137
02,2225073,141
02,2225450,139
02,2225894,140
02,2226305,141
02,2226761,138
02,2228392,141
02,2228803,141
02,2229213,143
02,2229635,139
02,2230068,138
02,2230490,143
02,2230956,140
02,2231334,143
02,2231833,139
02,2235541,132
02,2236330,134
02,2236729,136
02,2237195,132
02,2237717,125
02,2239393,126
02,2239793,132
02,2240225,133
02,2240647,137
01,2240731,285,0,0,0
02,2242301,141
02,2242790,138
02,2244499,138
02,2244888,140
02,2245367,136
02,2245776,139
02,2246220,135
02,2250472,138
02,2250897,140
02,2251326,145
02,2251748,142
02,2252192,136
02,2253891,128
02,2254646,129
02,2255102,133
02,2255500,139
02,2255900,140
02,2256377,136
02,2258388,129
02,2260919,136
02,2261317,141
02,2261750,141
02,2262172,141
01,2262833,219,0,0,0
02,2263759,138
02,2264159,141
02,2265791,141
02,2266202,143
02,2266612,146
02,2267056,143
02,2267447,142
02,2271574,147
02,2271941,146
02,2272374,148
02,2272773,144
02,2273185,145
02,2273617,145
02,2274017,141
02,2276870,134
02,2277647,136
02,2278059,142
02,2278435,146
02,2280111,143
02,2280877,146
02,2281288,146
02,2281676,146
02,2283309,141
01,2283808,207,0,0,0
02,2284130,138
02,2286062,141
02,2286472,145
02,2286871,145
02,2287308,140
02,2288970,133
02,2289680,124
02,2290501,125
02,2290890,130
02,2291323,138
02,2291723,137
02,2293678,141
02,2301502,138
02,2302346,142
02,2303878,146
01,2304159,201,0,0,0
02,2304267,153
02,2304611,153
02,2305010,153
02,2305410,149
02,2305810,151
02,2306198,152
02,2306598,158
02,2306920,158
02,2308175,153
02,2308563,156
02,2308951,155
02,2309284,159
02,2310128,156
02,2310898,153
02,2311349,149
02,2311704,149
02,2312170,151
02,2312503,152
02,2312859,151
02,2313282,150
02,2313636,155
02,2314846,154
02,2315213,156
02,2315589,153
02,2315967,156
02,2316368,155
02,2316756,154
02,2317121,156
02,2317966,153
02,2318354,149
02,2318775,152
02,2319186,155
02,2319497,154
02,2322294,152
02,2322716,149
02,2323105,151
02,2324714,147
02,2325480,148
02,2325847,153
02,2326224,156
02,2326613,152
02,2327057,151
02,2328611,150
02,2329055,148
01,2329444,250,0,0,0
02,2329454,147
02,2329823,151
02,2330243,148
02,2330998,151
02,2331387,152
02,2331797,151
02,2332185,150
02,2332607,146
02,2332996,149
02,2333418,154
02,2333795,152
02,2334161,153
02,2334583,148
02,2334983,151
02,2335393,147
02,2336171,150
02,2336560,152
02,2336981,149
02,2337370,149
02,2337758,149
02,2338169,147
02,2338591,150
02,2338946,148
02,2339427,147
02,2339767,148
02,2340234,145
02,2340633,148
02,2342132,151
02,2342565,150
02,2342953,150
02,2344574,150
02,2344962,150
02,2345373,148
02,2347116,142
02,2348759,142
02,2349125,146
02,2349525,150
01,2349575,199,0,0,0
02,2349925,152
02,2350324,149
02,2350724,145
02,2351179,147
02,2351559,148
02,2351967,144
02,2352389,147
02,2352789,144
02,2354531,143
02,2354864,140
02,2355253,144
02,2355664,143
02,2356086,147
02,2356496,146
02,2356918,148
02,2357284,145
02,2357706,147
02,2358095,148
02,2358517,145
02,2358916,148
02,2359327,147
02,2359760,144
02,2360115,147
02,2360537,148
02,2360948,149
02,2361347,149
02,2361747,149
02,2362136,149
02,2362561,147
02,2362968,146
02,2363357,146
02,2363756,151
02,2364167,148
02,2364567,151
02,2364966,148
02,2365388,143
02,2365777,145
02,2366187,149
02,2366587,146
02,2366987,150
02,2367408,147
02,2367819,146
02,2368197,150
02,2368607,148
02,2369018,151
02,2369440,147
02,2369852,146
02,2370250,144
02,2370672,147
02,2371038,148
02,2371449,147
02,2371871,150
02,2372260,148
02,2372670,147
02,2373081,146
02,2373470,148
02,2373880,147
02,2374302,150
02,2374724,147
02,2375090,148
02,2375523,149
02,2375912,147
02,2376322,146
02,2376722,148
02,2377156,147
02,2377510,150
02,2377932,147
02,2378354,146
02,2378754,148
02,2379175,147
02,2379564,144
02,2379986,147
02,2380385,150
02,2380786,150
02,2381174,148
02,2381573,151
02,2381996,147
02,2382395,150
02,2382798,148
02,2383194,145
02,2383616,148
02,2384004,149
02,2384426,147
02,2384815,148
02,2385214,147
02,2385647,142
02,2386070,142
02,2386491,144
02,2386902,141
02,2388533,143
01,2388671,387,0,0,0
02,2388944,146
02,2389366,144
02,2389777,145
02,2390199,143
02,2390609,147
02,2391020,144
02,2391431,145
02,2391830,145
02,2392231,147
02,2392674,144
02,2393063,147
02,2393473,146
02,2393895,148
02,2394295,147
02,2394717,144
02,2395116,145
02,2396782,145
02,2397203,143
02,2397614,146
02,2398136,144
02,2399634,147
02,2400067,143
02,2400534,142
02,2400944,142
02,2401333,147
02,2401710,150
02,2402132,150
02,2402532,148
02,2402920,151
02,2403331,147
02,2403742,144
02,2404198,141
02,2404585,144
02,2405007,143
02,2405407,147
02,2405784,144
02,2406195,148
02,2406595,147
02,2406983,150
02,2407383,150
02,2407805,150
02,2408193,146
02,2408594,148
02,2409048,147
02,2409470,144
02,2409814,147
02,2410258,146
02,2410646,148
02,2411035,151
02,2411446,147
02,2411879,146
02,2412267,148
02,2412678,147
02,2413122,146
02,2413488,146
02,2413921,146
02,2414310,148
02,2414732,144
02,2415153,147
02,2415542,146
02,2415975,146
02,2416367,148
02,2416774,147
02,2417185,146
02,2417596,144
02,2418017,147
02,2418795,144
02,2421303,138
02,2422036,130
02,2422935,131
02,2423357,136
02,2423723,144
02,2424135,143
01,2424246,353,0,0,0
02,2424611,144
02,2426132,140
02,2426976,143
02,2427742,146
02,2428119,146
02,2428530,150
02,2428885,148
02,2429385,145
02,2429796,138
02,2430328,140
02,2431938,136
02,2432626,129
02,2433492,130
02,2433836,136
02,2434247,139
02,2434658,138
02,2435091,142
02,2435468,149
02,2435901,151
02,2437045,147
02,2441873,140
02,2442639,142
02,2443061,144
02,2443472,147
02,2443905,146
02,2444260,151
02,2445793,152
02,2446214,153
01,2446581,221,0,0,0
02,2449744,156
02,2450167,153
02,2450532,153
02,2450921,153
02,2451331,151
02,2451698,155
02,2452475,157
02,2452863,155
02,2453230,157
02,2453607,155
02,2454008,154
02,2454362,154
02,2454829,149
02,2455205,151
02,2456704,148
02,2457141,152
02,2457471,158
02,2459091,156
02,2460567,150
02,2462510,152
02,2462865,153
01,2465685,189,0,0,0
02,2466728,153
02,2468682,156
02,2469071,160
02,2469437,157
02,2469870,153
02,2470214,156
02,2471435,153
02,2472934,156
02,2473322,153
02,2473777,156
02,2475232,153
02,2476752,153
02,2477164,151
02,2477585,155
02,2477907,157
02,2478273,155
02,2478662,154
02,2479039,159
02,2479405,161
02,2482458,162
02,2482836,160
02,2483224,154
02,2483657,156
02,2485511,153
02,2486998,153
01,2487182,213,0,0,0
02,2487476,153
02,2488897,156
02,2489264,160
02,2489629,157
02,2490029,155
02,2490395,157
02,2490807,153
02,2491198,153
02,2491683,148
02,2493093,151
02,2493481,148
02,2498865,152
02,2499232,155
02,2499631,154
02,2499975,159
02,2500364,159
02,2500752,161
02,2501130,157
02,2501507,158
02,2501874,156
02,2502307,157
02,2502651,160
02,2503018,157
02,2503407,158
02,2503805,158
02,2504172,153
02,2504604,153
02,2504971,158
02,2505352,156
02,2505703,157
02,2506136,153
02,2506525,156
02,2508049,157
02,2508412,153
02,2509655,153
02,2511143,151
02,2511543,150
02,2511909,152
02,2512297,158
02,2513863,156
02,2514229,160
02,2514629,157
02,2515028,160
02,2515361,157
02,2515783,153
02,2516161,156
02,2516538,157
02,2516926,153
02,2517326,153
02,2517715,153
02,2518103,153
02,2518470,156
02,2518859,157
02,2519247,155
02,2519613,152
02,2520024,155
02,2520402,152
02,2520813,151
02,2522355,155
02,2522743,157
02,2523110,155
02,2523500,157
02,2523887,158
02,2524254,154
02,2524642,154
02,2525041,159
02,2525412,156
02,2525796,157
02,2526196,155
02,2526563,159
02,2526951,156
02,2527350,157
02,2527739,158
02,2528094,161
02,2528449,157
02,2528860,158
02,2529237,156
02,2529637,157
02,2530003,158
02,2530392,154
02,2530780,156
02,2531202,155
02,2531557,152
02,2531958,153
02,2532357,153
02,2532767,151
02,2533112,152
02,2533511,153
02,2533911,156
02,2534288,155
02,2534666,152
02,2535065,153
02,2535476,151
02,2535854,155
02,2536243,154
02,2536643,152
02,2537032,155
02,2537397,154
02,2537807,152
02,2538174,155
02,2538584,154
02,2538973,154
02,2539372,152
02,2539761,155
02,2541670,152
02,2542081,155
02,2542470,152
02,2542848,151
02,2544390,145
02,2545178,147
02,2545578,148
02,2545955,151
02,2546410,148
02,2546766,152
02,2547188,153
02,2547521,153
02,2547909,153
02,2548320,153
02,2548697,148
01,2549808,620,0,0,0
02,2550718,149
02,2551096,149
02,2551539,149
02,2553082,144
02,2553826,145
02,2555413,140
02,2556246,143
02,2556668,140
02,2557445,144
02,2557822,145
02,2558244,145
02,2558655,147
02,2560287,143
02,2561064,144
02,2561519,141
02,2562307,144
02,2562695,145
02,2563062,149
02,2563473,146
02,2565204,140
02,2566381,141
02,2567114,146
02,2567502,144
02,2567924,147
02,2568301,148
02,2568715,151
02,2569123,148
02,2569511,152
02,2571088,149
02,2571876,149
02,2572264,154
02,2575106,152
02,2575495,153
02,2575939,151
02,2576272,150
01,2576572,265,0,0,0
02,2577859,145
02,2581380,147
02,2581757,150
02,2582144,150
02,2582566,150
02,2582977,148
02,2584588,152
02,2584931,151
02,2585308,155
02,2585719,152
02,2586141,147
02,2587650,148
02,2588062,147
02,2588472,146
02,2589238,150
02,2589593,152
02,2590037,151
02,2590392,150
02,2590814,146
02,2592379,149
02,2595521,151
02,2595909,152
02,2596320,148
02,2597841,147
02,2598229,150
02,2598640,157
02,2598995,155
02,2599373,154
01,2599695,229,0,0,0
02,2599784,152
02,2600205,149
02,2600583,152
02,2600927,155
02,2601304,154
02,2601705,152
02,2602170,146
02,2603669,148
02,2605234,144
02,2606022,145
02,2606411,150
02,2606799,152
02,2607188,151
02,2607554,150
02,2608020,146
02,2608742,149
02,2609097,149
02,2609486,154
02,2609897,151
02,2611428,155
02,2611839,152
02,2612217,153
02,2612672,151
02,2613027,155
02,2613360,162
02,2616180,160
02,2616592,157
02,2617001,151
02,2618489,148
02,2618910,147
01,2618966,191,0,0,0
02,2620476,146
02,2620886,151
02,2621219,152
02,2621598,155
02,2621996,152
02,2622374,151
02,2622830,148
02,2624705,147
02,2626215,151
02,2626614,148
02,2627003,152
02,2627403,155
02,2627758,154
02,2628137,154
02,2628668,150
02,2630067,153
02,2630423,153
02,2630844,156
02,2631277,155
02,2631577,159
02,2631943,159
02,2632343,154
02,2632732,156
02,2634640,157
02,2637427,153
01,2638365,192,0,0,0
02,2639004,153
02,2639381,156
02,2639780,155
02,2640169,150
02,2640557,153
02,2640946,153
02,2641334,151
02,2641689,152
02,2642111,151
02,2642500,150
02,2642899,155
02,2643277,152
02,2643677,153
02,2644043,158
02,2644454,156
02,2644832,155
02,2645208,154
02,2645630,154
02,2645997,152
02,2646407,151
02,2646796,155
02,2647229,152
02,2647595,147
02,2647963,149
02,2648394,149
02,2648783,154
02,2649250,151
02,2650726,155
02,2651114,154
02,2651503,156
02,2651869,152
02,2652269,155
02,2652648,157
02,2653035,155
02,2653423,150
02,2653789,153
02,2654189,153
02,2654600,149
02,2654979,152
02,2655388,153
02,2655754,153
02,2656143,156
02,2656520,157
02,2656898,153
02,2657308,156
02,2657664,155
02,2658086,149
02,2658463,151
02,2658863,155
02,2659262,152
02,2659673,155
02,2660018,159
02,2660395,156
02,2660805,153
02,2661216,153
02,2661593,156
02,2661971,155
02,2662359,157
02,2662759,155
02,2663148,152
02,2663514,153
02,2663902,153
02,2664358,151
02,2664668,155
02,2665046,154
02,2665479,152
02,2665834,155
02,2667410,152
02,2667799,155
02,2668211,152
02,2668609,151
02,2669000,152
02,2669364,153
02,2669786,151
02,2670163,155
02,2670530,152
02,2670929,153
02,2671395,149
02,2671784,152
02,2672139,151
02,2672494,155
02,2672883,152
02,2673283,153
02,2674848,148
01,2675420,367,0,0,0
02,2675658,149
02,2676069,145
02,2676502,148
02,2676879,155
02,2677223,154
02,2677601,152
02,2677989,155
02,2678411,152
02,2678811,151
02,2679233,150
02,2680798,146
02,2681198,148
02,2681619,147
02,2682023,146
02,2683607,148
02,2684028,145
02,2684406,143
02,2684865,140
02,2685660,143
02,2686049,146
02,2686448,146
02,2686860,150
02,2687259,147
02,2687716,146
02,2688080,146
02,2688480,151
02,2688891,148
02,2689257,149
02,2689823,144
02,2690478,147
02,2690900,143
02,2691322,146
02,2691732,143
02,2693342,144
02,2693730,143
02,2695329,144
02,2695774,147
02,2696195,144
02,2698992,145
02,2699370,150
02,2701401,148
02,2701756,151
01,2702917,272,0,0,0
02,2703367,147
02,2704931,150
02,2705320,154
02,2705708,151
02,2706119,150
02,2706489,152
02,2708117,148
02,2708894,143
02,2709660,145
02,2710050,147
02,2710460,153
02,2710904,151
02,2712391,148
02,2712813,145
02,2713546,148
02,2713945,151
02,2715499,152
02,2715855,158
02,2716232,161
01,2721672,185,0,0,0
02,2724791,157
02,2726023,150
02,2733527,142
02,2734260,133
02,2736791,123
02,2738034,113
01,2742125,202,0,0,0
02,2745905,113
02,2746293,118
02,2746759,126
02,2748336,135
02,2752310,134
02,2752987,129
02,2753786,121
02,2754541,112
02,2760558,113
02,2763355,118
02,2765442,116
02,2769517,110
02,2771348,102
02,2772158,93
02,2773046,83
01,2773391,310,0,0,0
02,2774079,83
02,2774578,88
02,2776921,96
02,2778453,95
02,2779241,89
02,2781194,81
02,2784403,72
02,2788510,73
02,2788954,78
02,2793183,76
02,2797702,70
02,2799378,62
02,2800521,57
01,2800888,272,0,0,0
02,2804018,54
02,2804962,55
02,2806283,51
02,2809402,54
02,2814442,61
02,2815818,69
02,2816651,78
02,2816984,88
02,2817350,98
02,2817772,108
02,2818194,118
02,2818527,128
02,2820481,128
02,2821191,133
02,2824843,130
02,2827186,124
02,2828551,116
02,2832137,107
02,2833413,97
02,2839585,87
02,2840729,77
02,2843426,67
02,2845158,67
02,2848433,62
02,2850142,65
02,2850786,71
01,2851780,504,0,0,0
02,2854039,69
02,2856003,63
02,2857170,61
02,2857948,63
02,2864040,69
02,2867973,77
01,2871656,196,0,0,0
02,2876329,77
02,2877040,77
02,2879326,72
02,2880792,74
02,2881591,80
02,2881913,88
02,2882369,97
02,2882779,107
02,2883145,117
02,2883489,127
02,2883845,137
02,2884255,147
02,2884622,148
02,2885032,151
02,2885388,150
02,2885843,154
02,2886187,161
02,2886542,160
02,2886919,157
02,2887330,160
02,2887685,157
02,2888063,151
02,2888530,153
02,2888895,156
02,2890429,152
02,2891959,149
02,2892403,149
02,2893481,154
02,2893835,159
02,2894235,156
02,2894646,151
02,2895167,152
02,2895445,155
02,2895811,157
02,2896189,153
02,2896611,151
01,2898903,270,0,0,0
02,2899008,152
02,2899452,153
02,2899808,156
02,2900163,155
02,2900619,149
02,2900984,151
02,2901384,155
02,2901817,154
02,2902128,159
02,2904096,156
02,2905636,150
02,2906490,142
02,2907201,143
02,2909199,148
02,2909544,151
02,2909965,147
02,2910442,148
02,2910775,151
02,2911142,157
02,2911541,155
02,2911964,149
02,2912352,147
02,2912818,151
02,2914328,148
02,2915049,151
02,2915471,148
02,2915815,152
02,2916292,153
02,2916659,151
02,2917058,150
02,2917436,152
02,2917813,151
02,2918235,155
02,2918624,154
02,2919012,152
02,2919446,147
02,2921021,139
02,2921743,140
02,2923341,136
02,2924873,139
01,2925518,263,0,0,0
02,2926461,145
02,2928037,143
02,2928793,147
02,2929214,148
02,2929580,153
02,2929924,156
02,2932311,157
02,2932744,153
02,2933121,153
02,2934653,153
02,2935053,153
02,2935408,156
02,2938561,152
02,2939249,145
02,2940148,137
02,2941337,138
02,2942890,143
02,2943268,151
02,2943667,155
02,2944056,152
02,2944433,151
02,2944822,150
02,2945244,152
02,2945632,149
02,2946043,151
02,2946431,150
02,2946953,145
02,2948363,147
02,2949273,148
02,2949640,153
02,2949973,153
02,2950383,153
02,2950783,151
01,2950828,251,0,0,0
02,2952383,148
02,2952803,147
02,2953170,146
02,2953591,148
02,2955168,144
02,2955923,147
02,2956378,143
02,2957155,146
02,2957532,150
02,2957932,152
02,2958309,151
02,2958731,146
02,2959120,149
02,2959519,149
02,2959941,151
02,2960296,155
02,2960696,152
02,2961073,153
02,2961540,148
02,2961906,151
02,2962272,155
02,2962661,154
02,2964315,149
02,2966324,147
02,2966668,151
01,2967074,160,0,0,0
02,2967080,152
02,2967468,153
02,2967834,149
02,2968256,149
02,2968689,151
02,2969044,147
02,2969488,150
02,2969888,150
02,2970199,154
02,2971497,151
02,2971854,152
02,2972263,153
02,2972641,149
02,2973062,147
02,2973473,148
02,2973873,151
02,2974306,147
02,2974695,146
02,2975119,148
02,2975494,151
02,2975885,152
02,2976304,148
02,2976748,145
02,2977148,147
02,2977525,153
02,2978735,156
02,2979124,152
02,2979556,155
02,2979912,152
02,2980334,147
02,2980711,149
02,2981167,149
02,2981499,151
02,2981933,147
02,2982343,150
02,2983941,147
02,2990302,148
02,2990725,145
02,2991457,147
02,2991823,150
02,2992245,154
02,2992644,152
02,2993055,149
02,2993399,149
02,2993866,149
01,2995187,278,0,0,0
02,2995442,144
02,2996230,147
02,2996643,148
02,2997074,144
02,2997540,147
02,2997873,143
02,2998306,146
02,2998728,150
02,2999083,150
02,2999539,146
02,2999904,148
02,3000315,147
02,3000715,150
02,3001125,150
02,3001504,150
02,3003512,148
02,3003901,152
02,3005510,149
02,3005921,151
02,3006310,150
02,3006688,152
02,3007132,148
02,3007597,147
02,3007964,144
02,3008730,148
02,3009118,147
02,3009552,144
02,3010099,145
02,3010384,143
02,3010828,146
02,3011162,150
02,3011571,148
02,3012005,145
02,3012571,141
02,3012861,143
02,3013237,148
02,3013647,149
02,3014047,149
02,3014447,147
02,3014868,146
02,3015324,142
02,3015723,140
02,3016134,144
02,3016511,147
02,3020941,153
02,3022206,156
02,3022752,152
01,3022851,274,0,0,0
02,3023016,153
02,3023383,149
02,3023838,149
02,3025436,154
02,3025869,152
02,3026269,151
02,3026613,148
02,3027024,151
02,3027412,150
02,3027813,150
02,3028212,150
02,3028645,150
02,3029033,152
02,3029433,153
02,3029810,151
02,3030203,146
02,3030609,149
02,3030976,154
02,3031453,151
02,3032996,152
02,3033374,151
02,3036149,145
02,3036926,147
02,3037348,148
02,3037747,147
02,3038125,151
02,3042589,155
02,3042965,152
01,3045063,220,0,0,0
02,3048371,151
02,3048748,146
02,3049181,142
02,3050425,145
02,3050802,145
02,3051224,147
02,3051612,144
02,3052035,145
02,3052434,149
02,3052845,147
02,3053266,148
02,3053677,145
02,3054055,145
02,3054510,149
02,3054854,147
02,3055242,148
02,3055688,145
02,3056101,148
02,3056500,147
02,3056896,146
02,3060504,141
02,3063368,143
02,3063768,148
02,3064168,147
02,3064578,148
02,3064978,151
02,3065366,147
02,3065788,148
02,3066211,149
02,3066599,144
02,3067020,147
02,3067442,146
02,3067831,146
02,3068264,142
02,3068686,142
02,3069141,144
02,3069551,141
02,3069962,143
02,3070351,142
02,3070784,140
02,3071183,144
02,3071594,147
02,3072016,148
02,3072438,144
02,3072815,147
02,3073270,143
02,3073681,140
02,3074092,144
02,3074502,143
02,3074913,147
02,3075324,144
02,3075735,145
02,3076156,147
02,3076512,148
02,3077000,144
02,3077733,147
02,3078166,148
01,3078388,330,0,0,0
02,3078588,144
02,3079376,147
02,3080941,148
02,3082551,144
02,3083361,147
02,3083738,150
02,3090332,147
02,3091909,150
02,3093441,154
02,3093807,154
02,3098425,149
01,3100279,217,0,0,0
02,3100401,141
02,3101211,141
02,3103076,146
02,3103420,154
02,3103831,153
02,3104231,157
02,3104609,154
02,3106140,152
02,3106520,156
02,3106884,155
02,3107317,152
02,3107650,153
02,3108153,148
02,3111468,145
02,3112214,148
02,3112956,151
02,3113433,147
02,3114099,150
02,3114477,157
02,3117552,158
02,3117962,154
02,3118429,154
02,3118728,159
02,3119084,161
02,3119450,157
02,3119861,158
01,3120172,197,0,0,0
02,3120228,156
02,3120604,157
02,3122136,155
02,3122514,152
02,3122969,147
02,3124479,144
02,3124889,148
02,3125278,149
02,3125678,151
02,3126099,147
02,3126432,150
02,3126833,154
02,3127243,156
02,3127599,155
02,3127987,154
02,3128386,149
02,3129185,147
02,3129918,150
02,3131494,152
02,3131875,153
02,3132227,149
02,3132661,149
02,3133015,154
02,3133404,154
02,3133803,159
02,3134192,156
02,3134581,151
02,3135746,153
02,3136124,156
02,3136468,153
02,3136878,153
02,3137278,158
02,3137667,156
02,3138055,153
02,3138433,156
02,3138822,155
02,3139187,154
02,3139590,152
02,3140021,146
02,3141131,148
02,3141563,151
02,3141963,152
02,3142307,153
02,3142720,156
02,3143106,155
02,3143461,157
02,3143861,158
02,3144260,153
02,3144638,153
02,3145038,149
02,3145437,152
02,3145815,158
02,3146181,156
02,3146558,153
02,3146914,156
02,3147768,153
02,3148545,153
02,3148934,149
02,3149322,149
02,3149722,151
02,3150133,147
01,3150294,298,0,0,0
02,3150521,150
02,3150943,147
02,3151387,150
02,3151731,148
02,3152098,151
02,3152542,157
02,3153297,155
02,3153707,150
02,3154096,153
02,3154496,149
02,3154906,147
02,3156438,151
02,3156904,150
02,3157226,150
02,3157659,150
02,3158103,146
02,3158470,149
02,3158836,151
02,3159247,152
02,3159646,149
02,3160058,147
02,3160446,150
02,3160856,150
02,3161245,150
02,3161644,152
02,3162033,149
02,3162423,149
02,3162843,147
02,3163290,148
02,3163654,149
02,3164053,151
02,3164475,147
02,3165630,150
02,3166018,150
02,3166484,148
02,3167972,149
02,3169615,144
02,3170337,147
02,3170725,150
02,3171171,152
02,3171546,151
02,3171902,152
02,3172301,153
02,3172668,156
01,3173345,228,0,0,0
02,3178018,152
02,3178906,145
02,3179650,147
02,3180061,153
02,3180449,151
02,3182360,155
02,3185078,152
02,3187345,145
02,3190374,137
02,3191217,138
02,3192749,143
02,3193139,146
02,3194636,148
02,3195047,147
02,3196501,141
02,3198955,133
02,3200498,134
01,3202630,290,0,0,0
02,3205371,140
02,3205771,143
02,3206603,148
02,3208457,146
02,3209245,146
02,3210755,151
02,3211121,150
02,3213785,154
02,3214174,156
02,3214540,153
02,3214995,149
02,3216831,152
02,3219902,149
01,3222971,201,0,0,0
02,3224065,142
02,3224813,144
02,3225187,150
02,3225586,148
02,3227095,151
02,3227496,150
02,3227886,150
02,3228272,155
02,3228705,152
02,3229049,155
02,3229460,152
02,3229826,151
02,3230970,152
02,3231460,158
02,3236786,161
02,3237164,157
02,3237552,160
02,3237941,157
02,3238308,153
02,3238696,156
02,3239084,153
02,3239850,151
02,3240262,148
02,3240650,152
02,3241060,153
02,3241427,151
02,3241815,155
02,3242216,154
02,3242614,156
02,3243014,152
02,3243369,155
02,3243802,157
02,3244135,153
02,3244535,156
02,3244923,155
02,3245312,157
02,3245689,153
02,3246067,153
02,3246457,156
02,3246877,157
02,3247277,153
02,3247621,153
02,3248032,151
02,3248442,152
02,3248853,149
02,3249231,151
02,3249608,155
02,3250010,154
02,3250418,156
02,3250874,153
02,3252417,146
02,3253172,146
02,3253549,150
02,3253915,152
02,3254315,155
02,3255147,152
02,3255569,151
02,3255981,146
01,3256391,331,0,0,0
02,3256402,149
02,3256757,155
02,3257168,153
02,3257545,147
02,3259110,149
02,3259532,145
02,3259943,147
02,3260354,153
02,3260720,156
02,3261120,153
02,3261475,151
02,3263096,152
02,3263474,149
02,3263873,147
02,3264350,144
02,3264739,147
02,3265149,144
02,3265593,147
02,3265960,146
02,3266381,141
02,3266848,141
02,3267270,139
02,3267625,143
02,3268069,148
02,3268446,149
02,3268857,147
02,3269279,146
02,3269678,146
02,3270089,142
02,3270533,145
02,3270933,143
02,3271332,142
02,3271754,147
02,3272143,144
02,3272576,145
02,3272975,141
02,3273397,141
02,3273830,145
02,3274285,142
02,3274652,144
02,3275118,141
02,3275907,143
02,3276306,144
02,3276761,143
02,3277160,144
02,3277571,140
02,3278026,143
02,3278426,144
02,3278826,141
02,3279247,141
02,3279680,139
02,3280102,138
02,3280568,142
02,3280935,142
02,3281412,140
02,3281812,144
02,3282245,141
02,3282667,138
02,3283066,141
02,3284809,138
02,3285653,141
02,3286052,141
02,3286485,143
02,3286908,140
02,3287352,139
01,3287440,308,0,0,0
02,3289786,143
02,3290216,142
02,3290626,144
02,3291070,140
02,3291505,141
02,3291914,141
02,3292413,136
02,3292802,139
02,3294456,137
02,3294944,141
02,3295322,141
02,3295758,136
02,3296154,139
02,3296565,145
02,3297353,149
02,3297764,147
02,3298197,148
02,3298574,145
02,3299040,143
02,3299518,140
02,3300206,143
02,3300650,140
02,3301072,143
02,3301449,149
02,3301827,149
02,3302237,147
02,3302637,148
02,3303103,144
02,3305901,145
02,3306323,147
02,3306712,150
02,3307111,148
02,3307521,149
02,3307932,149
02,3308354,147
02,3308720,146
02,3309464,150
01,3309720,220,0,0,0
02,3309853,154
02,3310663,154
02,3311042,154
02,3311444,150
02,3311829,153
02,3312262,153
02,3314015,148
02,3314681,149
02,3315059,151
02,3315447,148
02,3315860,147
02,3317101,148
02,3317457,151
02,3317901,155
02,3318245,152
02,3318645,151
02,3319079,152
02,3319447,153
02,3319834,149
02,3320254,147
02,3320632,151
02,3321020,152
02,3321420,153
02,3321808,158
02,3322163,156
02,3322563,153
02,3327328,146
01,3328514,186,0,0,0
02,3330001,148
02,3330389,154
02,3330822,154
02,3331177,159
02,3332698,156
02,3333509,150
02,3334275,152
02,3334652,158
02,3334974,158
02,3335418,156
02,3335851,153
02,3336195,156
02,3336550,157
02,3336939,155
02,3337327,154
02,3337706,159
02,3338060,156
02,3338870,153
02,3339259,149
02,3339647,152
02,3340003,158
02,3340391,161
02,3340769,157
02,3341147,160
02,3341912,162
02,3342278,163
02,3342667,158
02,3343433,161
02,3343799,157
02,3344177,160
02,3347229,157
02,3347641,155
02,3348017,152
02,3349549,149
02,3350293,152
02,3350671,153
01,3352808,240,0,0,0
02,3353368,151
02,3354878,155
02,3355266,157
02,3355622,155
02,3357564,159
02,3358308,156
02,3358743,157
02,3359107,158
02,3359463,163
02,3359852,161
02,3360206,155
02,3360617,157
02,3360994,160
02,3361361,157
02,3361738,155
02,3362127,152
02,3362537,155
02,3364025,157
02,3364425,158
02,3364791,156
02,3365179,151
02,3367011,153
02,3369453,153
02,3369842,151
01,3370081,171,0,0,0
02,3370230,152
02,3370630,148
02,3371363,151
02,3371785,152
02,3372162,158
02,3372928,156
02,3373350,153
02,3373705,156
02,3374105,153
02,3374460,153
02,3374905,149
02,3375348,152
02,3375671,153
02,3376058,158
02,3376458,156
02,3376835,155
02,3377213,157
02,3377612,153
02,3378013,151
02,3378412,152
02,3378778,149
02,3379222,151
02,3379588,148
02,3379999,152
02,3380377,155
02,3381909,157
02,3382298,158
02,3382697,153
02,3383052,156
02,3383463,157
02,3383862,158
02,3384251,154
02,3384607,154
02,3384995,154
02,3385383,154
02,3385794,154
02,3386182,152
02,3386649,151
02,3386982,155
02,3387370,152
02,3387737,151
02,3388126,155
02,3388525,152
02,3388924,155
02,3389313,154
02,3389669,154
02,3390090,152
02,3390478,155
02,3390867,152
02,3391278,151
02,3391666,152
02,3392066,151
02,3392454,150
02,3392854,150
02,3393243,152
02,3393664,153
02,3394031,149
02,3394408,152
02,3394808,155
02,3395207,152
02,3395629,146
02,3396839,146
02,3397183,148
02,3397594,153
02,3398038,151
02,3398361,152
02,3398760,151
02,3399148,155
02,3399537,152
02,3399925,155
02,3400325,154
02,3400725,152
02,3401135,149
02,3401513,149
02,3401928,147
02,3402334,150
02,3402712,148
02,3403133,151
02,3403522,148
02,3403944,149
02,3404332,145
02,3404754,148
02,3405165,147
02,3405576,144
02,3405942,148
02,3406364,147
02,3406786,144
02,3407196,147
02,3407574,146
02,3408007,148
02,3408396,149
02,3408817,145
02,3409217,145
02,3409627,147
02,3410038,146
02,3410493,146
02,3410837,148
02,3411270,145
02,3411692,143
02,3412114,140
01,3414490,440,0,0,0
02,3417542,143
02,3417998,139
02,3420051,138
02,3420506,142
02,3420928,140
02,3421361,139
02,3421783,138
02,3422227,138
02,3422693,138
02,3424326,140
02,3424747,137
02,3425180,139
02,3425613,142
02,3426024,142
02,3426401,140
02,3426878,136
02,3427711,139
02,3429032,135
02,3429953,138
02,3430342,140
02,3430730,141
02,3431152,143
02,3431620,140
02,3432018,141
02,3432451,139
02,3432839,143
02,3433295,140
02,3433705,137
02,3434160,136
02,3434627,139
02,3435016,142
02,3435448,139
02,3435881,138
02,3436358,133
02,3437180,136
02,3437613,139
02,3438035,138
02,3438468,140
02,3438901,139
02,3443152,142
02,3443598,139
01,3445595,308,0,0,0
02,3445683,137
02,3447271,141
02,3447659,145
02,3448103,142
02,3448492,142
02,3448891,144
02,3449335,140
02,3451378,143
02,3451789,144
02,3452177,147
02,3452588,146
02,3454253,150
02,3454631,147
02,3456262,148
02,3456629,149
02,3457039,145
02,3457539,138
02,3459106,140
02,3459537,137
02,3462346,141
02,3462756,143
02,3463181,140
01,3465400,196,0,0,0
02,3465587,144
02,3465931,147
02,3466331,144
02,3466764,145
02,3468351,140
02,3469151,143
02,3469528,142
02,3469950,144
02,3470338,147
02,3470749,153
02,3471126,151
02,3471548,146
02,3471970,146
02,3472360,151
02,3474047,150
02,3474379,155
02,3475900,152
02,3476655,151
02,3477077,152
02,3477487,149
02,3477854,152
02,3479431,153
02,3479796,153
02,3482583,148
02,3482982,151
01,3485452,198,0,0,0
02,3486557,147
02,3487234,148
02,3487635,153
02,3488000,151
02,3488399,155
02,3489998,152
02,3490753,149
02,3491152,152
02,3491530,155
02,3491875,154
02,3492285,152
02,3492684,147
02,3494616,146
02,3496548,146
02,3496892,150
02,3498435,150
02,3504129,145
02,3504951,147
02,3505284,153
01,3506028,204,0,0,0
02,3506805,151
02,3507160,155
02,3508692,159
02,3509036,156
02,3512067,157
02,3512477,153
02,3513166,156
02,3513576,155
02,3513932,159
02,3515785,159
02,3516196,154
02,3517673,157
02,3518072,158
02,3518405,161
02,3519937,157
02,3520303,160
02,3521824,157
02,3522124,160
02,3524888,157
01,3525699,195,0,0,0
02,3526032,160
02,3526377,159
02,3526754,159
02,3527189,156
02,3527530,160
02,3527908,159
02,3528296,156
02,3529817,155
02,3530217,154
02,3530583,154
02,3530983,154
02,3531360,156
02,3531715,162
02,3532104,160
02,3532481,157
02,3532915,155
02,3533284,157
02,3533658,155
02,3534035,157
02,3534402,155
02,3534801,154
02,3535201,156
02,3535567,153
02,3535945,156
02,3536333,157
02,3536688,160
02,3537077,157
02,3537477,158
02,3537843,156
02,3538209,160
02,3538642,157
02,3540141,150
02,3540885,152
02,3541329,155
02,3541684,152
02,3542028,155
02,3542405,159
02,3542805,161
02,3543171,157
02,3543574,155
02,3543937,159
02,3544326,159
02,3544703,156
02,3545081,157
02,3545458,158
02,3545836,153
02,3546302,151
02,3547558,145
02,3553617,137
02,3554461,138
02,3557114,144
02,3557469,147
02,3557847,143
01,3558635,326,0,0,0
02,3560988,139
02,3561577,134
02,3562265,136
02,3564196,135
02,3567704,140
02,3568093,147
02,3568515,145
02,3569326,145
02,3569680,147
02,3570103,144
02,3570602,141
02,3572555,144
02,3572966,151
02,3573355,150
02,3573733,150
02,3574465,152
02,3576119,153
02,3576509,151
02,3576896,150
02,3577284,155
02,3577806,157
02,3579627,153
02,3579993,156
02,3580404,152
02,3583982,145
02,3585222,143
02,3585599,147
02,3586032,153
02,3586411,151
02,3586831,155
02,3588374,152
02,3588740,151
02,3590395,148
02,3590761,152
01,3590851,319,0,0,0
02,3591116,151
02,3591527,150
02,3591915,148
02,3593492,149
02,3593858,149
02,3594291,147
02,3594713,141
02,3595190,141
02,3595945,146
02,3596345,152
02,3596723,153
02,3597111,148
02,3599098,141
02,3599952,142
02,3600408,148
02,3601884,146
02,3603850,142
02,3604316,142
02,3606691,140
02,3607179,139
02,3607579,137
02,3607978,139
02,3608433,138
02,3608844,142
02,3609299,149
02,3611298,147
02,3612907,144
02,3613362,143
02,3615749,139
02,3616160,140
02,3616615,136
02,3620567,129
02,3621355,120
02,3622421,111
02,3628193,111
02,3629636,116
02,3630780,124
02,3631157,133
02,3631590,134
01,3632789,415,0,0,0
02,3634754,129
02,3635531,132
02,3635942,138
02,3636341,142
02,3636741,146
02,3637240,143
02,3637862,146
02,3638273,146
02,3638706,150
02,3639094,147
02,3641048,146
02,3642604,151
02,3646122,148
02,3646920,142
01,3648103,151,0,0,0
02,3650384,134
02,3651139,135
02,3651505,140
02,3651905,148
02,3652271,153
02,3652693,151
02,3653094,150
02,3654591,152
02,3654935,155
02,3656456,152
02,3659487,145
02,3660230,147
02,3660663,148
02,3664060,144
02,3664793,147
02,3665181,150
02,3666624,147
02,3667368,140
01,3668112,198,0,0,0
02,3668212,132
02,3668833,133
02,3669222,138
02,3669611,146
02,3669955,155
02,3670321,154
02,3670754,152
02,3671442,156
02,3671875,155
02,3672297,154
02,3672597,159
02,3675194,156
02,3678924,160
02,3679313,159
02,3680811,154
02,3684552,146
02,3686029,147
02,3686761,153
02,3687117,156
01,3687551,192,0,0,0
02,3688604,157
02,3689037,158
02,3689437,156
02,3689759,160
02,3691168,157
02,3691968,158
02,3692337,161
02,3692756,160
02,3693067,164
02,3694488,161
02,3695287,157
02,3697540,150
02,3700404,152
02,3700782,158
02,3702325,156
02,3704478,150
02,3705300,152
02,3707387,148
01,3707421,196,0,0,0
02,3709929,151
02,3710295,155
02,3710632,162
02,3712527,160
02,3714292,154
02,3715035,156
02,3715391,160
02,3715790,162
02,3716112,163
02,3716490,168
02,3717222,166
02,3717566,167
02,3719043,163
02,3721552,166
02,3721940,162
02,3723294,155
02,3725981,147
01,3728451,208,0,0,0
02,3728527,148
02,3731043,143
02,3731776,146
02,3734373,142
02,3736138,145
02,3736505,152
02,3736904,160
02,3737248,159
02,3737637,164
02,3737970,161
02,3738314,162
02,3738714,160
02,3741256,157
02,3741681,158
02,3743098,163
01,3743354,147,0,0,0
02,3743465,161
02,3744952,160
02,3745296,164
02,3745665,161
02,3750159,160
02,3750503,164
02,3750925,161
02,3751291,157
02,3751624,160
02,3752001,159
02,3752434,159
02,3752812,156
02,3753223,160
02,3753589,157
02,3753900,155
02,3754299,157
02,3754714,153
02,3755087,156
02,3755465,155
02,3755865,152
02,3756297,155
02,3756642,154
02,3757041,152
02,3769330,155
02,3769774,152
02,3770119,153
02,3770540,153
02,3770906,156
02,3771295,152
02,3771683,153
02,3772107,153
02,3772527,151
02,3772882,152
02,3774436,151
02,3774858,150
02,3775258,152
02,3775671,151
02,3776083,148
02,3776479,147
02,3778166,141
02,3778866,143
01,3779110,354,0,0,0
02,3779254,149
02,3779609,154
02,3780076,151
02,3782895,150
02,3783228,150
02,3783639,152
02,3784072,149
02,3784549,152
02,3784849,149
02,3785339,149
02,3785637,154
02,3786026,154
02,3786448,149
02,3786869,149
02,3787258,147
02,3787680,146
02,3788079,148
02,3788468,151
02,3790155,147
02,3790943,140
02,3791765,142
02,3792164,140
01,3792256,130,0,0,0
02,3794218,143
02,3794596,140
02,3799180,139
02,3799591,138
02,3800013,143
02,3800435,140
02,3800834,143
02,3801278,142
02,3801711,144
02,3802144,140
02,3802610,136
02,3803011,139
02,3803443,140
02,3803832,141
02,3804264,138
02,3804697,141
02,3805108,139
02,3805563,140
02,3805952,143
02,3806396,146
02,3808438,146
02,3808860,142
02,3809293,144
02,3809682,145
02,3810092,143
02,3810503,146
02,3811003,143
02,3812192,144
02,3812703,140
02,3813201,143
02,3813523,139
02,3813889,138
02,3816043,143
02,3819384,146
02,3819795,144
02,3820218,145
02,3820617,143
02,3821027,144
01,3821272,287,0,0,0
02,3821460,143
02,3821915,139
02,3822392,135
02,3822881,132
02,3823247,135
02,3823747,135
02,3824224,135
02,3824569,135
02,3825034,138
02,3825489,138
02,3825878,136
02,3826322,137
02,3826790,134
02,3828453,128
02,3829497,130
02,3829952,126
02,3830263,129
02,3830673,136
02,3831129,139
02,3831507,140
02,3831939,143
02,3832383,142
02,3832805,140
02,3833193,139
02,3833671,140
02,3834081,139
02,3834514,135
02,3834925,138
02,3835391,138
02,3835837,138
02,3836302,138
02,3836712,133
02,3837290,125
02,3839055,124
02,3839488,128
02,3841275,133
02,3841641,132
02,3842085,137
02,3842574,134
02,3842952,138
02,3843417,136
02,3843861,137
02,3845593,134
02,3846093,128
02,3846981,128
02,3847414,133
02,3847858,134
02,3848346,130
02,3850544,131
02,3853776,130
02,3854252,131
02,3854696,131
02,3855140,128
02,3855573,132
02,3856006,132
02,3856361,135
01,3856844,352,0,0,0
02,3860524,135
02,3860968,138
02,3861401,136
02,3861856,137
02,3862278,137
02,3862744,134
02,3863155,134
02,3863676,134
02,3864065,131
02,3864576,130
02,3865020,126
02,3865475,129
02,3865908,126
02,3866397,129
02,3869627,135
02,3870071,133
02,3870526,134
02,3870925,138
02,3871403,135
02,3873234,136
02,3873745,132
02,3874226,125
02,3875110,126
02,3875543,130
02,3876154,128
02,3876498,127
02,3876953,128
02,3877387,133
02,3877875,131
02,3879707,133
02,3880139,137
02,3880594,134
02,3881005,133
02,3881538,129
02,3881993,126
02,3882459,129
02,3882937,129
01,3883426,263,0,0,0
02,3883447,130
02,3885257,131
02,3885767,131
02,3886211,126
02,3886922,126
02,3890430,126
02,3890829,129
02,3891284,133
02,3891806,130
02,3892250,129
02,3892716,130
02,3893172,134
02,3893604,131
02,3895414,127
02,3895880,128
02,3897656,123
02,3901053,116
02,3902385,117
01,3902630,190,0,0,0
02,3902818,123
02,3903262,131
02,3903729,131
02,3904150,130
02,3904617,132
02,3905105,129
02,3905605,127
02,3906082,129
02,3906508,133
02,3906948,130
02,3907370,131
02,3907836,134
02,3908313,133
02,3908757,131
02,3909268,130
02,3909712,129
02,3910145,129
02,3910646,133
02,3911022,132
02,3911477,133
02,3911943,132
02,3912387,130
02,3912898,131
02,3913331,127
02,3913797,130
02,3914263,132
02,3914652,133
02,3915107,132
02,3915584,133
02,3916028,129
02,3916939,129
02,3917394,130
02,3917816,132
02,3918293,132
02,3918715,133
02,3919214,129
02,3919647,132
02,3920102,132
02,3920546,132
02,3921068,130
02,3921468,129
02,3921934,129
02,3922445,129
02,3922855,132
02,3923333,132
02,3923743,132
02,3924232,130
02,3924687,134
02,3925131,136
02,3925564,132
02,3926019,135
02,3926453,135
02,3926885,135
02,3927329,133
02,3927840,129
02,3928261,132
02,3928728,130
02,3929183,131
02,3929727,128
02,3930138,131
02,3930559,131
02,3931015,130
02,3931459,131
02,3932007,131
02,3932424,131
02,3932857,130
02,3933335,131
02,3933879,127
02,3934656,129
02,3935122,129
02,3935632,129
02,3936065,127
02,3936554,123
02,3937042,126
02,3937532,123
02,3937997,124
02,3938474,123
02,3938941,127
02,3939473,124
02,3939951,123
02,3940417,126
02,3940917,124
02,3941383,125
02,3941849,127
02,3942304,129
02,3942759,129
02,3943226,129
02,3945102,124
02,3946112,125
02,3946545,125
02,3946989,128
02,3947477,125
02,3947932,125
02,3948410,128
02,3948866,127
02,3949342,126
02,3949819,126
02,3950331,127
02,3950774,123
02,3951285,121
02,3951840,120
02,3952307,120
02,3952797,121
02,3953305,123
02,3953739,124
02,3954238,125
02,3954726,124
02,3955171,126
02,3955670,123
02,3956159,126
02,3956591,126
02,3957146,121
02,3957636,120
02,3958101,124
02,3958622,121
02,3959111,123
02,3959666,121
02,3960122,125
02,3960610,122
02,3961065,125
02,3963030,122
02,3963407,126
02,3964428,127
02,3964872,125
02,3965372,122
02,3965882,118
02,3966404,117
02,3966926,118
02,3967437,117
02,3967914,120
02,3968502,118
02,3970400,117
02,3970911,118
02,3971400,120
02,3971915,117
02,3972432,120
02,3972932,118
02,3973432,119
02,3975529,117
02,3976040,116
02,3976562,119
02,3977062,116
02,3977572,116
02,3978116,115
02,3978615,114
02,3980658,117
02,3981279,113
02,3981779,116
02,3982290,119
02,3982778,119
02,3983289,118
02,3983777,115
02,3984310,117
02,3984821,115
02,3985398,115
02,3985897,110
02,3986452,113
02,3986974,113
02,3987551,113
02,3988084,111
02,3988550,110
02,3989094,113
02,3989606,111
02,3990182,113
02,3990706,109
02,3991237,112
02,3991751,110
02,3992303,112
02,3992802,114
02,3993335,113
02,3993870,111
02,3994446,112
02,3994956,113
02,3995511,110
02,3996021,109
02,3996643,112
02,3997165,113
02,3997620,116
02,3998119,118
02,3998608,119
02,3999096,118
02,3999629,116
02,4000184,110
02,4000850,102
02,4001583,93
02,4002327,91
02,4002915,92
02,4003514,97
02,4004092,101
02,4004636,101
02,4005202,103
02,4005801,106
02,4006290,107
02,4006834,111
02,4008965,114
02,4009476,112
02,4011653,112
02,4012206,113
02,4012695,110
02,4013283,111
02,4013738,117
02,4014253,115
02,4014771,115
02,4015315,112
02,4015903,113
02,4016414,111
02,4016958,110
02,4017502,110
02,4017991,109
02,4018712,113
02,4019145,114
02,4019633,114
02,4020089,118
02,4020588,115
02,4021109,116
02,4021653,112
02,4022231,108
02,4022831,103
02,4023452,103
02,4024129,100
02,4024728,100
02,4025217,104
02,4025738,109
02,4026238,109
02,4026827,106
02,4027437,105
02,4029579,107
02,4030091,113
02,4030623,113
02,4031134,111
02,4031677,113
02,4032199,113
02,4032743,114
02,4033309,109
02,4033920,108
02,4034386,109
02,4035087,107
02,4039005,107
02,4039272,112
02,4039870,110
02,4040569,104
02,4041502,106
02,4042012,110
02,4042545,113
02,4043045,114
02,4043533,114
02,4044067,112
02,4044643,109
02,4045268,104
02,4045920,100
02,4046553,97
02,4047108,100
02,4047700,99
02,4048262,101
02,4048817,104
02,4049394,106
02,4049972,106
02,4050527,106
02,4051151,103
02,4051837,97
02,4053491,96
02,4055056,101
02,4055511,108
02,4056022,111
02,4056521,108
02,4058597,112
02,4059108,117
02,4059652,116
02,4060196,113
02,4060817,106
02,4062516,98
02,4063149,92
02,4063748,94
02,4064359,95
02,4064914,100
02,4065646,98
01,4066490,1624,0,0,0
02,4071985,102
02,4072484,105
02,4073062,109
02,4073572,111
02,4074127,110
02,4074705,109
02,4075260,104
02,4075837,107
02,4076415,105
02,4076947,103
02,4077546,103
02,4078157,102
02,4078668,106
02,4079300,108
02,4079823,104
02,4080422,107
02,4080923,106
02,4081498,104
02,4082120,105
02,4082753,107
02,4083263,106
02,4083809,105
02,4084407,107
02,4084906,103
02,4086005,104
02,4086594,106
02,4087126,107
02,4087670,107
02,4088392,110
02,4090390,109
02,4094223,103
02,4095308,105
02,4096029,101
02,4098528,94
02,4099571,96
02,4100092,102
02,4100615,106
02,4101069,113
02,4103400,118
02,4103689,115
02,4104356,116
02,4106320,111
02,4106834,114
02,4107286,120
02,4107996,118
02,4113347,112
02,4116044,112
02,4116577,114
02,4117099,111
02,4117554,110
02,4118042,115
02,4118564,112
02,4119098,112
02,4119641,117
02,4120085,120
02,4122231,116
02,4122794,109
02,4125158,107
02,4125735,107
02,4126302,103
02,4126945,103
02,4127415,108
02,4127956,108
02,4128566,107
02,4129032,111
02,4129532,115
02,4130043,116
02,4130520,115
02,4132807,110
02,4134316,102
02,4135415,103
02,4135893,108
02,4136470,109
02,4137025,108
02,4137602,104
02,4138224,101
02,4138890,103
02,4139467,102
02,4139980,100
02,4140599,104
02,4141055,111
02,4141554,114
02,4142065,110
02,4142609,113
02,4143153,110
02,4143708,111
02,4144296,107
02,4146450,107
02,4146905,111
02,4147493,113
02,4148004,109
02,4148559,112
02,4149058,117
02,4149569,115
02,4150157,110
02,4150701,111
02,4151224,109
02,4151945,103
02,4153909,95
02,4154953,96
02,4157173,100
02,4158683,105
02,4159404,103
02,4159815,106
02,4160448,106
02,4161092,109
02,4161525,108
02,4161935,113
02,4162447,110
02,4162990,111
02,4163478,117
02,4164566,116
02,4165089,113
02,4165676,110
02,4166188,109
02,4166864,109
02,4167353,112
02,4167797,110
02,4168374,114
02,4168896,114
02,4169395,112
02,4169909,111
02,4170472,110
02,4171005,115
02,4173125,112
02,4174257,116
02,4174824,114
02,4175356,115
02,4175800,111
02,4176800,112
02,4177343,112
02,4177865,117
02,4178365,115
02,4178909,119
02,4179453,116
02,4181651,110
02,4182394,110
02,4182738,111
02,4183260,110
02,4183771,111
02,4184337,114
02,4184825,113
02,4185369,111
02,4185969,109
02,4186591,111
02,4187068,110
02,4187545,113
02,4188067,113
02,4188622,109
02,4189122,111
02,4189699,110
02,4190309,106
02,4191064,104
02,4191431,104
02,4192030,109
02,4192663,111
02,4193141,107
02,4193640,105
02,4194195,109
02,4196315,109
02,4196882,112
02,4197392,110
02,4197958,109
02,4198779,105
02,4199123,107
02,4203453,113
02,4203908,119
02,4204385,118
02,4204929,117
02,4205407,116
01,4206218,1384,0,0,0
02,4207327,110
02,4208226,102
02,4210491,103
02,4210979,106
02,4211523,108
02,4212300,109
02,4212611,112
02,4213177,110
02,4213810,104
02,4215375,106
02,4215986,106
02,4216341,111
02,4216840,118
02,4217340,117
02,4217896,120
02,4218417,116
02,4218927,119
02,4219449,116
02,4219971,113
02,4220538,111
02,4221070,109
02,4221569,112
02,4222169,109
02,4224279,102
02,4225333,104
02,4225865,109
02,4226477,109
02,4227087,107
02,4229162,108
02,4229584,109
02,4230028,114
02,4230517,121
02,4231016,122
02,4231460,121
02,4232015,115
02,4232515,117
02,4233037,117
02,4233614,112
02,4234181,109
02,4234757,107
02,4235257,108
02,4235823,111
02,4236345,108
02,4236866,111
02,4237477,108
02,4237969,110
02,4238598,113
02,4239091,110
02,4239775,103
02,4240630,95
02,4241584,96
02,4242084,101
02,4242595,109
02,4243127,113
02,4243616,119
02,4244126,117
02,4244659,112
02,4245182,113
02,4245747,109
02,4246324,106
02,4246902,110
02,4247412,107
02,4247945,110
02,4248534,113
02,4249011,110
02,4249633,109
02,4250232,105
02,4250665,108
02,4251209,112
02,4251808,109
02,4253251,113
02,4253763,114
02,4254375,111
02,4254863,114
02,4255438,114
02,4255849,113
02,4256582,118
02,4258003,115
02,4258491,116
02,4259035,121
02,4259568,122
02,4260001,121
02,4260467,119
02,4260967,119
02,4261533,118
02,4262077,112
02,4262677,112
02,4263209,109
02,4264941,102
02,4265718,94
02,4266373,90
02,4267050,93
02,4267671,95
02,4268204,98
02,4268682,105
02,4269248,109
02,4269747,112
02,4270258,112
02,4273422,114
02,4276630,110
02,4277662,113
02,4278184,116
02,4278595,115
02,4279117,115
02,4279572,120
02,4280116,120
02,4280615,120
02,4281148,121
02,4281592,118
02,4282214,119
02,4284145,121
02,4284667,119
02,4285111,123
02,4285611,120
02,4286088,120
02,4286587,125
02,4287132,127
02,4287542,123
02,4288230,116
02,4289141,107
02,4290062,108
02,4293448,113
01,4293615,865,0,0,0
02,4294014,115
02,4294513,114
02,4295002,118
02,4295546,119
02,4295968,124
02,4296434,125
02,4296922,122
02,4297400,125
02,4299365,128
02,4299842,125
02,4300330,127
02,4300854,123
02,4301363,126
02,4301847,126
02,4302251,124
02,4302784,118
02,4305193,110
02,4306192,101
02,4307568,102
02,4308057,107
02,4308534,115
02,4309033,120
02,4309522,118
02,4313407,119
02,4313932,119
02,4314385,124
02,4314828,123
02,4315394,124
02,4315827,126
02,4316260,126
02,4316771,129
02,4317237,125
02,4317725,125
02,4318192,121
02,4318791,118
02,4320811,116
02,4322155,120
02,4322588,123
02,4323065,123
02,4323587,126
02,4324042,127
02,4324530,123
02,4325019,126
02,4325529,124
02,4326007,118
02,4326543,120
02,4327072,116
02,4327572,112
02,4329670,114
02,4330451,111
02,4330791,114
02,4332234,121
02,4332800,119
02,4333367,114
02,4333777,117
02,4334277,115
02,4334832,119
02,4335276,125
02,4335767,123
02,4336264,121
02,4336808,118
02,4337274,115
02,4337985,109
02,4338506,111
02,4339029,114
02,4345744,115
02,4346233,120
02,4346721,118
02,4347288,112
02,4347964,104
02,4348709,95
02,4349419,90
02,4350018,91
02,4350717,93
02,4352795,99
02,4358899,107
02,4359399,111
02,4359942,114
02,4360497,113
02,4361031,109
01,4362146,678,0,0,0
02,4363483,103
02,4363883,105
02,4364405,104
02,4364982,107
02,4365482,110
02,4366014,115
02,4366514,115
02,4367113,114
02,4367568,114
02,4368079,119
02,4368645,119
02,4369089,117
02,4369578,118
02,4370056,120
02,4370588,116
02,4371099,119
02,4371598,124
02,4372053,123
02,4372564,120
02,4373086,116
02,4373585,119
02,4374118,117
02,4374606,117
02,4375129,115
02,4375606,117
02,4376161,120
02,4376627,120
02,4377126,116
02,4377659,119
02,4378137,116
02,4378669,116
02,4379224,112
02,4380679,115
02,4381189,119
02,4381656,122
02,4382133,125
02,4382603,125
02,4383110,122
02,4383609,122
01,4387123,247,0,0,0
02,4387173,127
02,4387561,125
02,4388027,124
02,4389948,128
02,4390393,135
02,4390891,133
02,4391247,131
02,4391680,133
02,4392201,132
02,4393933,133
02,4394333,139
02,4394766,138
02,4395188,133
02,4395643,136
02,4396133,134
02,4398251,128
02,4399273,120
02,4400349,111
02,4401892,101
02,4403180,91
02,4404201,81
02,4405511,71
02,4406655,61
02,4407809,58
01,4407843,205,0,0,0
02,4408764,60
02,4409896,56
02,4410940,55
02,4414903,59
02,4415658,62
02,4416934,69
02,4417478,77
02,4417967,86
02,4418399,96
02,4419088,106
02,4420930,116
02,4421330,118
02,4421830,122
02,4424960,119
02,4427325,112
02,4428202,114
02,4428734,120
02,4429135,126
02,4429523,124
02,4431865,128
02,4432299,130
02,4432775,129
02,4433175,130
02,4433722,129
02,4434252,130
02,4434629,126
02,4435162,129
02,4435528,133
02,4435983,135
02,4436395,135
02,4436882,132
02,4437293,129
02,4437815,130
02,4440302,131
02,4440679,128
02,4441179,124
02,4443732,123
02,4444154,123
02,4444642,118
02,4445253,117
02,4445708,120
02,4446196,116
02,4446718,114
02,4447229,117
02,4447739,115
02,4448305,114
02,4450371,117
02,4450814,120
02,4451347,116
02,4451913,116
02,4452379,115
02,4452890,117
02,4453401,116
02,4453922,118
02,4454444,117
02,4454944,116
02,4455465,118
02,4455998,114
02,4456532,112
02,4457142,108
02,4459595,103
02,4461726,105
02,4462237,107
02,4462770,110
02,4463314,109
02,4463913,111
02,4464424,108
02,4464923,112
02,4465478,113
02,4466011,110
02,4466500,112
02,4467122,111
02,4467754,107
02,4468254,107
02,4468764,106
02,4469397,107
02,4469996,107
02,4470463,108
02,4471007,109
02,4471539,105
02,4472095,108
02,4472650,109
02,4473238,105
02,4473826,102
02,4474481,100
02,4475214,94
02,4476791,96
02,4477334,99
02,4477892,101
02,4478534,101
02,4479099,103
02,4479668,105
02,4480098,110
02,4480698,112
02,4481208,109
02,4481675,112
02,4482285,110
02,4482829,109
02,4483462,108
02,4483917,107
02,4484561,111
02,4485071,108
02,4485582,110
02,4486315,106
02,4487247,99
02,4489401,101
02,4489911,103
02,4490544,104
02,4491044,104
02,4491632,108
02,4492132,105
02,4492687,109
02,4493331,109
02,4493797,107
02,4494352,107
02,4494885,108
02,4495495,109
02,4495973,112
02,4496539,108
02,4497138,105
02,4497882,98
01,4498043,893,0,0,0
02,4498837,100
02,4499392,103
02,4499983,108
02,4500457,109
02,4501035,111
02,4501534,112
02,4502056,114
02,4502589,114
02,4503122,110
02,4505153,103
02,4505886,94
02,4506574,88
02,4507218,90
02,4507919,88
02,4508672,92
02,4510703,98
02,4511270,105
02,4511802,107
02,4512391,103
02,4512990,106
02,4513534,103
02,4514123,102
02,4514666,104
01,4515261,171,0,0,0
02,4515344,100
02,4515921,103
02,4516443,105
02,4517020,102
02,4517642,104
02,4518174,103
02,4518752,102
02,4519329,105
02,4519928,101
02,4520506,104
02,4521027,101
02,4521627,103
02,4522215,104
02,4522826,100
02,4523381,103
02,4523980,100
02,4524671,96
02,4525723,98
02,4526311,103
02,4526866,103
02,4527478,104
02,4528032,102
02,4530408,101
02,4530952,100
02,4531529,102
02,4532128,103
02,4532750,100
02,4533360,104
02,4533872,102
02,4534437,106
02,4535037,106
02,4535626,101
02,4536191,103
02,4536724,101
02,4537279,102
02,4537901,103
02,4538478,102
02,4539044,102
02,4539688,101
02,4540232,99
02,4540876,103
02,4541631,101
02,4542187,101
02,4542641,102
02,4545428,98
02,4548546,91
02,4549634,92
02,4550202,98
02,4550778,99
02,4551621,101
02,4553131,97
02,4553742,96
02,4554352,100
02,4554852,103
02,4555385,104
02,4555929,108
02,4556517,108
02,4557061,109
01,4557111,414,0,0,0
02,4557639,107
02,4558193,103
02,4558859,104
02,4559403,103
02,4560025,101
02,4560624,98
02,4561279,97
02,4561901,98
02,4562479,98
02,4563158,94
02,4563800,97
02,4564355,98
02,4564909,100
02,4567418,104
02,4567840,103
02,4568339,107
02,4568905,110
02,4569472,107
02,4570049,107
02,4572091,102
02,4572968,95
01,4573141,159,0,0,0
02,4574278,90
02,4574833,92
02,4575344,98
02,4575888,104
02,4576487,102
02,4577131,103
02,4577631,101
02,4578320,105
02,4578775,103
02,4579374,103
02,4579951,105
02,4580517,107
02,4581083,107
02,4581616,105
02,4582193,105
02,4582793,103
02,4583359,102
02,4583958,103
02,4584491,102
02,4585159,97
02,4586056,89
02,4586856,82
02,4587622,82
02,4588244,87
02,4588820,88
02,4589420,94
02,4589986,96
02,4590608,99
02,4591229,99
02,4591862,94
02,4592595,90
02,4593305,88
02,4593949,87
02,4594660,89
02,4595259,92
02,4595825,96
02,4596402,97
02,4597002,100
02,4597590,101
02,4598190,103
02,4598722,104
02,4599344,100
02,4599944,101
02,4600476,106
02,4601043,106
02,4601620,104
02,4602198,102
02,4602830,100
02,4603507,96
02,4604173,91
02,4604995,85
02,4605661,86
02,4606427,87
02,4606893,92
02,4607514,93
02,4608114,99
02,4608669,98
02,4609335,98
02,4609934,97
02,4610589,96
02,4611355,93
02,4613143,86
02,4613942,80
02,4614631,82
02,4615277,86
02,4615940,89
02,4616650,89
02,4617228,84
02,4618338,76
02,4619460,77
01,4621526,478,0,0,0
07,4624293,155,0,0,155,0,20721,0,0,20721,0,295,0,0,295,0,154,0,0,0
DONE
